Landmark,Coordinate 1,Coordinate 2,Coordinate 3,Coordinate 4,Coordinate 5,Coordinate 6,Coordinate 7,Coordinate 8,Coordinate 9,Coordinate 10,Coordinate 11,Coordinate 12,Coordinate 13,Coordinate 14,Coordinate 15,Coordinate 16,Coordinate 17,Coordinate 18,Coordinate 19,Coordinate 20,Coordinate 21,Coordinate 22,Coordinate 23,Coordinate 24,Coordinate 25,Coordinate 26,Coordinate 27,Coordinate 28,Coordinate 29,Coordinate 30,Coordinate 31,Coordinate 32,Coordinate 33,Coordinate 34,Coordinate 35,Coordinate 36,Coordinate 37,Coordinate 38,Coordinate 39,Coordinate 40,Coordinate 41,Coordinate 42,Coordinate 43,Coordinate 44,Coordinate 45,Coordinate 46,Coordinate 47,Coordinate 48,Coordinate 49,Coordinate 50,Coordinate 51,Coordinate 52,Coordinate 53,Coordinate 54,Coordinate 55,Coordinate 56,Coordinate 57,Coordinate 58,Coordinate 59,Coordinate 60,Coordinate 61,Coordinate 62,Coordinate 63,Coordinate 64,Coordinate 65,Coordinate 66,Coordinate 67,Coordinate 68,Coordinate 69,Coordinate 70,Coordinate 71,Coordinate 72,Coordinate 73,Coordinate 74,Coordinate 75,Coordinate 76,Coordinate 77,Coordinate 78,Coordinate 79,Coordinate 80,Coordinate 81,Coordinate 82,Coordinate 83,Coordinate 84,Coordinate 85,Coordinate 86,Coordinate 87,Coordinate 88,Coordinate 89,Coordinate 90
4,150,150,98,222,102,228,109,234,119,242,133,247,149,248,164,246,176,240,184,232,189,225,192,219,98,222,102,216,109,211,118,205,134,200,149,201,163,199,177,203,184,208,190,213,192,219,105,221,111,225,117,226,125,228,136,229,148,229,160,228,169,226,176,224,180,222,185,218,105,221,112,217,119,216,127,214,137,214,148,214,158,213,167,213,174,214,179,215,185,218,150,150,94,223,99,231,106,239,117,248,132,253,149,255,165,252,177,246,186,236,191,228,194,220,94,223,98,217,106,211,116,205,133,200,148,201,163,199,177,203,185,208,191,213,194,220,102,222,109,228,115,231,124,233,135,235,148,236,160,234,170,232,177,228,181,226,187,219,102,222,108,218,116,216,125,215,135,214,148,214,158,214,168,213,175,214,181,215,187,219,150,150,94,228,99,237,106,245,117,254,132,260,150,262,166,259,179,252,187,241,192,232,195,223,94,228,99,220,107,214,117,208,133,202,149,203,164,200,178,204,186,210,192,216,195,223,102,227,109,233,115,237,124,240,136,241,149,242,161,240,171,237,178,233,182,230,187,223,102,227,109,222,117,220,126,218,136,217,148,216,159,216,168,216,176,217,182,218,187,223,150,150,96,228,101,237,108,245,118,255,133,260,150,262,166,259,179,251,187,241,192,232,195,223,96,228,100,221,108,214,118,207,134,201,149,202,164,200,178,204,186,210,192,216,195,223,104,227,111,234,116,237,125,239,136,241,149,242,162,240,171,237,178,233,182,230,187,223,104,227,110,222,118,220,127,218,137,217,149,216,160,215,169,215,176,216,182,218,187,223,150,150,96,228,100,237,107,247,118,256,133,263,150,264,167,261,180,253,188,243,193,233,196,223,96,228,100,220,108,214,117,207,134,201,149,202,164,199,179,204,187,210,193,215,196,223,104,227,111,235,116,238,125,241,136,243,150,244,162,242,172,239,179,235,183,231,188,223,104,227,110,222,118,219,127,217,137,216,149,215,160,215,169,215,176,216,182,218,188,223,150,150,96,228,101,238,108,247,118,257,133,263,151,264,167,261,180,253,188,243,193,233,196,223,96,228,100,220,108,214,118,207,134,201,150,202,165,199,179,203,187,209,193,215,196,223,104,227,111,235,117,238,126,242,137,244,150,244,162,242,172,239,179,235,183,231,188,223,104,227,111,222,118,219,127,217,137,216,149,215,160,215,169,215,176,216,182,218,188,223,150,150,95,229,99,239,106,248,117,258,132,264,150,265,167,262,179,255,188,244,192,234,196,224,95,229,99,221,106,215,116,208,132,202,149,202,164,200,179,204,187,210,192,216,196,224,103,228,110,236,116,239,125,243,136,245,149,245,162,243,171,240,178,236,182,232,187,224,103,228,109,223,117,220,125,218,136,217,148,216,159,215,169,216,176,217,182,219,187,224,150,150,94,232,99,242,106,251,117,261,132,268,150,270,168,266,181,258,189,247,194,237,197,226,94,232,99,223,106,216,116,209,133,203,149,203,165,201,180,205,188,212,193,218,197,226,103,231,110,239,116,243,125,246,136,248,150,249,162,247,172,243,179,239,183,235,188,226,103,231,109,225,117,222,126,219,136,218,149,217,160,217,169,217,176,219,182,221,188,226,150,150,94,231,99,240,106,250,117,260,132,266,150,268,167,264,180,257,188,246,193,236,196,226,94,231,99,223,106,216,116,209,133,203,149,204,164,201,179,206,187,212,193,218,196,226,102,230,110,237,115,241,124,244,136,246,149,247,162,245,171,242,178,238,183,234,188,226,102,230,109,224,117,222,125,220,136,219,148,218,159,217,169,218,176,219,182,221,188,226,150,150,95,230,99,240,106,249,117,259,132,266,150,267,167,264,180,256,189,245,193,235,196,225,95,230,99,222,106,215,116,208,133,202,149,203,164,200,179,205,187,211,193,217,196,225,103,229,110,237,116,240,125,244,136,246,150,246,162,244,172,241,179,237,183,233,188,225,103,229,109,223,117,221,126,219,136,217,149,217,160,216,169,216,176,218,182,220,188,225,150,150,94,231,99,240,106,250,117,260,132,267,150,268,168,265,180,257,189,246,193,235,196,225,94,231,98,222,106,216,116,209,133,203,149,203,164,201,179,205,187,211,193,217,196,225,102,230,109,238,115,241,125,245,136,247,150,248,162,246,172,242,179,238,183,234,188,225,102,230,109,224,117,221,126,219,136,218,149,217,160,217,169,217,176,218,182,220,188,225,150,150,95,230,100,240,107,250,118,261,133,268,151,269,169,266,182,257,190,246,194,235,197,225,95,230,100,222,107,215,117,208,134,202,150,203,165,200,180,204,188,211,194,217,197,225,103,229,111,238,117,242,126,246,137,248,151,249,163,247,173,243,180,238,184,234,189,225,103,229,110,223,118,220,127,218,137,217,149,216,161,216,170,216,177,217,183,219,189,225,150,150,95,229,100,239,107,249,118,259,133,266,151,268,168,264,181,256,190,245,194,234,198,224,95,229,99,221,107,214,117,207,133,201,149,202,165,199,180,203,188,210,194,215,198,224,103,228,110,237,116,241,125,244,136,247,150,247,163,245,173,242,180,237,184,233,189,224,103,228,109,222,117,219,126,217,137,216,149,215,160,215,170,215,177,216,183,218,189,224,150,150,95,230,100,239,107,249,118,260,133,266,151,268,168,264,181,256,189,245,194,235,197,224,95,230,99,221,107,215,117,208,133,202,150,203,165,200,180,204,188,210,194,216,197,224,103,229,110,237,116,241,125,245,137,247,150,248,163,246,172,242,180,237,184,233,189,224,103,229,110,223,117,220,126,218,137,217,149,216,160,215,170,216,177,217,183,219,189,224,150,150,96,230,101,239,108,249,119,259,134,265,152,267,169,263,182,255,190,244,195,234,198,224,96,230,100,222,108,215,118,208,134,202,150,203,165,200,180,205,189,211,195,216,198,224,104,229,111,237,117,240,126,244,137,246,151,246,164,244,173,241,181,237,185,233,190,224,104,229,111,223,118,220,127,218,138,217,150,217,161,216,171,216,178,217,184,219,190,224,150,150,96,230,101,239,108,249,119,259,134,265,152,266,169,263,182,255,190,244,195,234,198,224,96,230,100,221,108,215,118,208,134,202,150,203,165,200,180,204,189,211,195,216,198,224,104,229,111,236,117,240,126,243,137,246,151,246,164,244,173,241,181,236,185,232,190,224,104,229,110,223,118,220,127,218,137,217,150,217,161,216,171,216,178,217,184,219,190,224,150,150,96,230,101,240,108,251,118,261,133,268,152,270,169,267,182,258,190,247,195,236,198,225,96,230,100,221,108,215,117,207,134,201,150,202,165,200,180,204,188,211,194,217,198,225,104,229,111,238,117,242,126,246,137,249,151,250,164,248,173,244,180,239,184,235,189,225,104,229,111,223,118,220,127,217,137,216,150,216,161,215,170,215,177,217,183,219,189,225,150,150,95,230,100,241,107,251,117,262,132,269,151,271,168,268,181,259,190,247,194,236,198,225,95,230,99,221,107,215,117,208,133,202,149,203,165,201,180,205,188,211,194,217,198,225,103,229,110,239,116,243,125,247,136,250,150,251,163,249,173,245,180,240,184,235,189,225,103,229,110,223,117,220,126,218,137,217,149,216,160,216,170,216,177,217,183,219,189,225,150,150,98,229,102,240,109,251,119,263,133,270,152,272,169,268,182,260,190,247,194,236,197,224,98,229,102,219,109,213,118,205,134,199,150,200,165,198,180,202,188,209,193,215,197,224,106,228,113,238,118,243,127,248,137,251,151,252,163,250,173,246,179,240,183,235,188,224,106,228,112,221,119,218,128,215,138,214,150,213,161,213,170,213,177,215,182,218,188,224,150,150,96,229,101,241,107,252,118,264,132,271,151,273,168,269,181,260,189,248,193,236,196,224,96,229,100,220,107,213,117,206,133,200,149,200,165,198,180,202,187,209,193,215,196,224,105,229,112,239,117,244,126,249,136,252,150,253,163,250,172,246,179,241,183,235,188,225,105,229,111,221,118,218,127,215,137,214,149,214,160,213,169,213,176,215,182,218,188,225,150,150,97,228,102,239,108,250,118,261,133,269,151,270,168,267,180,258,188,246,192,234,195,223,97,228,101,219,108,213,117,205,133,200,149,200,164,198,179,202,186,209,192,215,195,223,106,227,112,237,118,242,126,246,137,249,150,250,162,248,171,244,178,239,182,233,187,223,106,227,112,220,119,217,127,215,137,214,149,213,160,213,169,213,175,215,181,217,187,223,150,150,97,228,102,239,108,250,118,261,133,268,151,270,168,267,181,258,188,246,193,235,196,224,97,228,101,219,108,212,118,205,133,200,149,200,164,198,179,203,187,209,192,215,196,224,106,227,112,237,118,242,126,246,137,249,150,250,163,248,172,244,178,239,182,234,187,224,106,227,112,220,119,217,127,215,137,214,149,214,160,213,169,214,176,215,181,218,187,224,150,150,99,230,103,240,109,250,119,261,134,268,151,270,168,267,180,258,188,247,192,237,195,227,99,230,103,222,110,216,119,208,134,203,150,204,164,202,178,206,186,212,191,218,195,227,107,229,114,238,119,242,127,246,137,248,150,249,162,247,171,244,178,239,182,235,186,226,107,229,113,223,120,221,128,219,138,218,149,217,160,217,168,217,175,219,181,221,186,226,150,150,99,230,103,240,109,250,119,261,134,268,151,270,168,266,180,258,188,246,192,236,195,226,99,230,103,221,110,215,119,208,134,202,150,203,164,201,179,205,186,212,192,218,195,226,107,229,113,237,119,241,127,246,137,248,150,249,163,247,172,244,178,239,182,234,187,226,107,229,113,223,120,220,128,218,138,217,149,217,160,216,169,217,175,218,181,220,187,226,150,150,100,230,104,240,110,250,120,260,134,267,151,269,168,266,180,258,188,247,192,237,194,227,100,230,104,222,110,216,119,209,134,203,150,204,164,202,178,206,186,213,191,219,194,227,108,229,114,237,119,241,127,245,138,248,150,248,162,247,171,243,178,239,182,235,186,227,108,229,114,224,121,221,129,219,138,218,149,218,160,217,168,218,175,219,181,221,186,227,150,150,99,229,103,239,109,248,119,259,133,265,151,267,167,264,179,256,187,245,191,235,194,226,99,229,103,221,110,215,119,209,134,203,149,204,164,202,178,206,186,212,191,218,194,226,107,228,113,236,119,240,127,243,137,246,150,247,162,245,171,241,178,237,181,233,186,225,107,228,113,223,120,221,128,219,138,218,149,218,160,217,168,217,175,219,180,220,186,225,150,150,98,230,103,239,109,248,119,258,133,265,150,266,167,263,179,256,187,245,191,235,194,226,98,230,102,222,110,216,119,209,134,204,149,205,164,202,178,207,185,213,191,219,194,226,106,228,113,236,118,239,126,243,137,245,150,246,161,244,171,241,177,237,181,233,186,226,106,228,113,223,120,221,128,220,138,219,149,219,159,218,168,218,175,219,180,221,186,226,150,150,98,228,102,237,108,247,118,257,132,263,149,265,166,262,178,254,186,243,190,234,193,225,98,228,102,221,109,215,118,208,133,203,148,204,163,201,177,206,184,212,190,217,193,225,106,227,112,234,117,238,126,241,136,243,149,244,160,242,169,239,176,235,180,232,185,225,106,227,112,222,119,220,127,219,137,218,148,218,158,217,167,217,174,218,179,220,185,225,150,150,99,231,103,241,109,251,119,262,133,269,150,271,167,268,179,259,187,248,191,237,193,227,99,231,103,222,110,216,119,208,134,202,149,203,163,201,177,206,185,213,190,219,193,227,107,230,113,238,119,242,127,246,137,249,150,250,162,248,170,244,177,240,180,235,185,227,107,230,113,224,120,221,128,219,138,218,149,217,159,217,167,217,174,219,179,221,185,227,150,150,99,231,103,240,109,250,119,261,133,268,151,270,167,267,179,259,187,247,191,237,193,227,99,231,103,222,110,216,119,208,134,203,149,204,164,201,178,206,185,213,190,219,193,227,107,230,114,238,119,242,127,246,137,248,150,249,162,247,170,244,177,239,181,235,185,227,107,230,114,224,121,221,128,219,138,218,149,217,159,217,167,218,174,219,179,221,185,227,150,150,98,230,102,240,108,251,118,262,133,270,151,271,168,268,181,260,189,248,193,237,196,226,98,230,102,221,109,214,118,207,134,201,149,202,165,200,179,204,187,211,193,217,196,226,106,229,113,238,118,243,126,247,137,250,150,251,163,249,172,245,179,240,183,235,188,226,106,229,112,222,120,219,128,217,138,216,149,215,160,215,169,215,176,217,182,220,188,226,150,150,98,230,102,240,108,251,118,262,133,269,151,271,168,268,181,259,189,247,193,237,196,226,98,230,102,221,109,214,118,207,133,201,149,202,164,200,179,204,187,211,192,217,196,226,106,229,113,238,118,243,126,247,137,250,150,251,163,249,172,245,179,240,183,235,188,226,106,229,112,222,119,219,128,217,137,216,149,216,160,215,169,216,176,217,182,220,188,226,150,150,98,229,103,238,109,248,120,257,134,264,152,265,168,262,181,255,189,244,194,234,198,225,98,229,102,221,109,215,119,208,135,202,150,203,165,201,180,205,188,211,194,217,198,225,106,228,113,236,118,239,127,242,138,245,151,245,163,244,173,240,180,236,184,232,190,225,106,228,112,223,120,220,128,218,138,217,150,217,161,216,170,216,177,218,184,220,190,225,150,150,97,228,102,238,108,248,118,259,133,266,151,268,168,264,180,256,188,245,193,235,196,224,97,228,101,219,108,213,118,205,133,200,149,200,164,198,179,203,187,210,193,216,196,224,106,227,112,236,118,240,126,244,137,246,150,247,162,245,172,242,179,237,183,233,188,224,106,227,112,221,119,218,127,216,137,214,149,214,160,214,169,214,176,216,182,218,188,224,150,150,96,226,101,235,108,243,118,253,132,259,150,260,166,257,179,250,187,240,192,231,196,223,96,226,100,219,107,213,117,206,133,201,149,202,164,200,178,204,187,210,193,215,196,223,104,225,111,231,116,234,125,237,136,239,149,240,161,238,171,236,178,232,183,229,188,223,104,225,110,220,118,218,126,217,136,216,148,216,160,215,169,215,176,216,182,218,188,223,150,150,96,224,101,233,107,242,118,252,132,258,149,260,166,257,178,249,187,239,192,229,195,220,96,224,100,216,107,210,117,203,133,198,149,199,164,196,178,201,186,207,192,212,195,220,104,223,111,230,116,234,125,237,136,239,149,240,161,238,171,235,178,231,182,227,187,220,104,223,110,218,117,215,126,213,136,212,148,212,159,211,168,212,176,213,182,215,187,220,150,150,97,225,102,234,109,242,119,251,133,257,151,259,167,256,179,249,188,239,193,229,196,221,97,225,101,218,108,212,118,205,134,199,150,200,164,198,179,202,187,208,193,213,196,221,105,224,112,230,117,233,126,236,137,238,150,238,162,237,171,234,179,230,183,227,188,220,105,224,111,219,119,217,127,215,137,214,149,214,160,213,169,213,176,214,182,216,188,220,150,150,97,224,101,232,108,241,118,250,132,256,149,257,166,254,178,247,186,237,191,228,194,220,97,224,100,216,108,211,117,204,133,198,148,199,163,197,178,201,186,207,191,212,194,220,104,223,111,229,117,232,125,235,136,237,149,237,161,235,170,233,177,229,181,226,186,219,104,223,111,218,118,216,126,214,136,213,148,213,159,212,168,212,175,213,181,215,186,219,150,150,96,224,101,232,108,239,119,248,133,253,150,255,166,252,179,245,187,236,192,227,195,219,96,224,100,217,107,212,117,205,133,200,149,201,164,199,179,202,187,208,192,213,195,219,104,223,110,228,116,230,125,232,136,234,149,234,161,233,171,230,178,227,182,225,188,219,104,223,110,219,117,217,126,216,137,215,149,215,160,214,169,214,176,214,182,215,188,219,150,150,96,225,101,233,108,241,119,249,133,255,150,256,167,253,179,246,188,237,193,228,197,220,96,225,100,218,108,213,117,206,134,201,149,202,164,199,179,203,188,208,194,213,197,220,104,224,111,229,117,232,126,234,137,235,150,236,162,234,172,231,179,228,183,225,189,220,104,224,110,219,118,218,126,217,137,216,149,216,160,215,170,214,177,215,183,216,189,220,150,150,97,225,102,232,109,240,119,248,134,254,151,255,167,252,179,245,188,235,193,227,196,219,97,225,101,218,108,213,118,206,134,201,149,202,164,199,179,203,187,208,193,213,196,219,104,224,111,228,117,231,126,233,137,234,150,234,162,232,171,230,179,227,183,224,188,219,104,224,111,220,118,218,127,217,137,216,149,216,160,215,169,214,177,215,183,216,188,219,150,150,98,225,102,232,109,240,120,248,134,254,151,255,167,252,179,245,188,235,193,227,196,219,98,225,101,218,109,213,118,206,134,201,150,202,164,199,179,202,187,208,193,213,196,219,105,224,112,228,118,231,127,233,137,234,150,234,162,233,172,230,179,227,183,224,189,219,105,224,112,219,119,218,127,216,137,216,149,215,160,215,170,214,177,214,183,215,189,219,150,150,99,225,104,231,111,238,121,246,135,251,152,252,167,249,180,243,189,234,195,227,198,220,99,225,102,219,110,213,119,207,135,201,150,202,165,200,180,204,189,209,195,214,198,220,106,224,113,227,119,228,127,230,138,231,151,231,163,229,173,227,181,225,185,224,191,219,106,224,113,220,120,219,128,217,139,217,150,217,162,216,171,215,179,216,185,216,191,219
61,203,73,150,150,155,157,162,164,172,172,186,177,203,178,218,176,231,169,239,161,244,153,248,145,150,150,154,143,162,138,172,131,187,125,202,126,217,124,231,128,239,134,245,139,248,145,158,149,164,153,170,155,179,157,190,158,202,158,214,157,223,155,231,152,235,150,240,145,158,149,164,145,172,143,180,141,190,140,202,140,212,139,221,139,228,140,234,141,240,145,205,74,150,150,155,157,163,164,174,172,188,177,204,178,220,175,232,169,241,161,246,153,250,145,150,150,155,143,163,138,173,132,189,127,204,128,218,126,233,129,241,135,246,139,250,145,158,149,165,153,171,155,180,157,191,158,204,158,216,157,225,155,232,152,237,150,242,145,158,149,164,145,172,143,181,142,192,142,203,142,214,141,223,141,230,141,236,142,242,145,205,71,150,150,155,158,162,167,172,176,187,182,205,184,221,181,234,174,242,164,247,155,250,145,150,150,154,142,162,136,172,130,188,124,204,125,219,123,233,127,241,133,247,138,250,145,158,149,165,155,171,158,180,161,191,163,204,164,216,162,226,159,233,156,237,152,243,145,158,149,165,144,172,142,181,140,191,139,203,139,214,138,223,138,231,139,237,141,243,145,204,72,150,150,155,159,162,168,172,177,187,183,204,184,221,181,233,174,241,164,246,154,249,145,150,150,154,143,162,136,172,129,188,123,203,124,218,122,232,126,240,132,246,138,249,145,158,149,165,156,171,159,180,162,190,164,204,164,216,162,225,159,232,156,236,152,241,145,158,149,165,144,172,141,181,139,191,138,203,138,214,137,223,137,230,138,235,140,241,145,204,72,150,150,155,159,162,168,172,178,187,184,205,186,221,182,234,175,242,164,247,154,250,145,150,150,154,142,162,136,171,129,188,123,203,124,218,121,233,125,241,131,247,137,250,145,158,149,165,156,171,160,180,163,190,165,204,166,216,164,226,160,233,156,237,152,242,145,158,149,164,143,172,141,181,139,191,138,203,137,214,137,223,137,230,138,236,140,242,145,204,72,150,150,155,160,162,169,172,179,187,185,205,186,221,183,234,175,242,165,247,155,250,145,150,150,154,142,162,136,171,129,188,123,203,124,219,121,233,125,241,131,247,137,250,145,158,149,165,157,171,160,180,164,191,166,204,166,216,164,226,161,233,157,237,153,242,145,158,149,164,144,172,141,181,139,191,138,203,137,214,136,223,137,230,138,236,140,242,145,204,71,150,150,154,159,161,168,172,178,187,184,205,185,222,182,234,174,243,164,247,154,250,144,150,150,154,141,161,135,171,128,188,122,204,122,219,120,234,124,242,130,247,136,250,144,158,149,165,156,171,159,180,162,191,165,204,165,217,163,226,160,233,156,237,152,242,144,158,149,164,143,172,140,180,138,191,137,203,136,214,136,224,136,231,137,237,139,242,144,205,68,150,150,154,159,161,169,172,179,187,186,205,188,223,184,236,176,244,165,249,155,252,144,150,150,154,141,161,134,171,127,188,121,204,121,219,119,234,123,243,130,248,136,252,144,158,149,165,157,171,161,180,164,191,166,205,167,217,165,227,161,234,157,238,153,243,144,158,149,164,143,172,140,181,137,191,136,204,135,215,135,224,135,231,136,237,139,243,144,206,69,150,150,155,159,162,169,173,179,188,185,206,187,223,183,236,176,244,165,249,155,252,145,150,150,155,142,162,135,172,128,189,122,205,123,220,120,235,125,243,131,249,137,252,145,158,149,166,156,171,160,180,163,192,165,205,166,218,164,227,161,234,157,239,153,244,145,158,149,165,143,173,141,181,139,192,138,204,137,215,136,225,137,232,138,238,140,244,145,205,69,150,150,154,160,161,169,172,179,187,186,205,187,222,184,235,176,244,165,248,155,251,145,150,150,154,142,161,135,171,128,188,122,204,123,219,120,234,125,242,131,248,137,251,145,158,149,165,157,171,160,180,164,191,166,205,167,217,165,227,161,234,157,238,153,243,145,158,149,164,143,172,141,181,139,191,137,204,137,215,136,224,136,231,138,237,140,243,145,206,69,150,150,155,159,162,169,173,179,188,185,206,187,224,184,236,176,245,165,249,154,252,144,150,150,154,141,162,135,172,128,189,122,205,122,220,120,235,124,243,130,249,136,252,144,158,149,165,156,171,160,181,164,192,166,206,167,218,164,228,161,235,157,239,153,244,144,158,149,165,143,173,140,182,138,192,137,205,136,216,136,225,136,232,137,238,139,244,144,205,70,150,150,155,160,162,170,173,181,188,188,206,189,224,186,236,177,245,166,249,155,252,145,150,150,155,142,162,135,172,128,189,122,205,123,220,120,235,124,243,131,249,137,252,145,158,149,166,158,171,162,181,166,192,168,206,169,218,167,228,163,235,158,239,154,244,145,158,149,165,143,173,140,182,138,192,137,204,136,216,136,225,136,232,137,238,139,244,145,205,71,150,150,154,160,162,170,173,180,188,187,206,189,223,185,236,177,244,166,249,155,252,145,150,150,154,142,162,135,171,128,188,122,204,123,220,120,235,124,243,131,249,137,252,145,158,149,165,158,171,162,180,165,191,168,205,169,218,166,228,163,235,158,239,154,244,145,158,149,164,143,172,140,181,138,192,137,204,136,215,136,225,136,232,137,238,139,244,145,205,70,150,150,155,159,162,169,173,180,188,186,206,188,223,184,236,176,244,165,249,155,252,144,150,150,154,141,162,135,172,128,188,122,205,123,220,120,235,124,243,130,249,136,252,144,158,149,165,157,171,161,180,165,191,167,205,168,218,166,227,162,235,157,239,153,244,144,158,149,165,143,172,140,181,138,192,137,204,136,215,135,225,136,232,137,238,139,244,144,204,70,150,150,155,159,162,169,173,179,188,185,206,187,223,183,236,175,244,165,249,154,252,144,150,150,154,142,162,135,172,128,188,122,204,123,219,120,234,125,243,131,249,137,252,144,158,149,165,157,171,160,180,164,191,166,205,167,218,164,227,161,234,157,239,153,244,144,158,149,165,143,172,140,181,138,192,137,204,137,215,136,225,136,232,137,238,139,244,144,204,70,150,150,155,159,162,169,173,179,188,185,206,186,223,183,236,175,244,164,249,154,252,144,150,150,154,141,162,135,172,128,188,122,204,123,220,120,234,124,243,131,249,136,252,144,158,149,165,156,171,160,180,164,191,166,205,166,218,164,227,161,235,157,239,152,244,144,158,149,164,143,172,140,181,138,192,137,204,136,215,136,225,136,232,137,238,139,244,144,204,70,150,150,155,160,162,171,172,181,187,188,206,190,223,187,236,178,244,167,249,156,252,145,150,150,154,141,162,135,171,127,188,121,204,122,219,120,234,124,242,131,248,137,252,145,158,149,165,158,171,162,180,166,191,169,205,170,218,168,227,164,234,159,238,155,243,145,158,149,165,143,172,140,181,137,191,136,204,136,215,135,224,136,231,137,237,140,243,145,205,70,150,150,155,161,162,171,173,182,187,189,206,191,223,188,236,179,245,167,249,156,253,145,150,150,154,141,162,135,172,128,188,122,204,123,220,120,235,125,243,131,249,137,253,145,158,149,165,159,171,163,180,167,191,170,205,171,218,169,228,165,235,160,239,155,244,145,158,149,165,143,172,140,181,138,192,137,204,136,215,135,225,136,232,137,238,139,244,145,202,71,150,150,154,161,160,172,171,184,185,191,203,193,221,189,234,181,242,168,246,157,249,145,150,150,154,140,161,134,170,126,186,120,202,121,217,119,232,123,240,130,245,136,249,145,158,149,165,159,170,164,179,169,189,172,203,173,215,171,225,167,231,161,235,156,240,145,158,149,164,142,171,139,180,136,190,135,202,134,213,134,222,134,229,136,234,139,240,145,204,71,150,150,155,162,161,173,172,185,186,192,205,194,222,190,235,181,243,169,247,157,250,145,150,150,154,141,161,134,171,127,187,121,203,121,219,119,234,123,241,130,247,136,250,145,159,149,166,160,171,165,180,170,190,173,204,174,217,171,226,167,233,162,237,156,242,146,159,149,165,142,172,139,181,136,191,135,203,135,214,134,223,134,230,136,236,139,242,146,203,72,150,150,155,161,161,172,171,183,186,191,204,192,221,189,233,180,241,168,245,156,248,145,150,150,154,141,161,135,170,128,186,122,202,122,217,120,232,124,239,131,245,137,248,145,159,149,165,159,171,164,179,168,190,171,203,172,215,170,224,166,231,161,235,155,240,145,159,149,165,142,172,139,180,137,190,136,202,135,213,135,222,135,228,137,234,139,240,145,203,72,150,150,155,161,161,172,171,183,186,190,204,192,221,189,234,180,241,168,246,157,249,146,150,150,154,141,161,135,171,127,186,122,202,122,217,120,232,125,240,131,245,137,249,146,159,149,165,159,171,163,179,168,190,171,203,172,216,170,225,166,231,161,235,156,240,146,159,149,165,142,172,139,180,137,190,136,202,136,213,135,222,136,229,137,234,140,240,146,201,71,150,150,154,160,160,170,170,181,185,188,202,190,219,187,231,178,239,167,243,157,246,147,150,150,154,142,161,136,170,129,185,123,201,124,215,122,229,126,237,132,242,138,246,147,158,149,165,158,170,162,178,166,189,169,201,169,214,167,222,164,229,159,233,155,237,146,158,149,164,143,171,141,179,139,189,138,200,137,211,137,219,137,226,139,232,141,237,146,201,70,150,150,154,160,160,170,170,181,185,188,202,190,219,186,231,178,239,167,243,156,246,146,150,150,154,141,161,135,170,128,185,122,201,123,215,121,230,125,237,132,243,138,246,146,158,149,165,157,170,162,178,166,188,168,201,169,214,167,223,164,229,159,233,154,238,146,158,149,164,143,171,140,179,138,189,137,200,137,211,136,220,137,226,138,232,140,238,146,200,69,150,150,154,159,160,169,170,179,184,186,201,188,217,185,230,177,238,166,242,156,244,146,150,150,154,141,160,135,169,128,184,122,200,123,214,121,228,125,236,132,241,138,244,146,158,148,164,156,169,160,177,164,188,167,200,168,212,166,221,162,228,158,232,154,236,146,158,148,164,143,171,140,179,138,188,137,199,137,210,136,218,137,225,138,230,140,236,146,201,71,150,150,154,160,160,169,170,180,184,186,202,188,218,185,230,177,238,166,242,156,245,147,150,150,154,142,161,136,170,130,185,124,200,125,215,123,229,127,237,133,242,139,245,147,158,149,164,157,170,161,178,164,188,167,201,168,213,166,222,162,229,158,232,154,237,146,158,149,164,144,171,142,179,140,189,139,200,139,211,138,219,139,226,140,231,141,237,146,202,71,150,150,155,159,161,168,171,178,185,185,202,186,219,183,231,176,239,165,243,155,246,146,150,150,154,142,162,136,171,129,186,124,201,125,216,122,230,127,237,133,243,138,246,146,158,148,165,156,170,159,178,163,189,165,202,166,214,164,223,161,229,157,233,153,238,146,158,148,165,143,172,141,180,140,190,139,201,139,211,138,220,138,227,139,232,141,238,146,202,72,150,150,154,159,160,169,170,179,184,185,201,187,217,184,230,176,238,165,242,156,245,147,150,150,154,143,161,137,170,130,185,125,200,126,215,123,229,128,236,134,242,139,245,147,158,149,164,156,169,160,178,163,188,165,201,166,212,164,221,161,228,157,232,154,237,147,158,149,164,144,171,142,179,141,189,140,200,140,210,139,219,139,226,140,231,142,237,147,201,69,150,150,154,160,160,170,170,181,184,188,201,190,218,187,230,178,238,167,242,156,244,146,150,150,154,141,161,135,169,127,185,121,200,122,214,120,228,125,236,132,241,138,244,146,158,149,164,157,170,161,178,165,188,168,201,169,212,167,221,163,228,159,231,154,236,146,158,149,164,143,171,140,179,138,189,137,200,136,210,136,218,136,225,138,230,140,236,146,201,69,150,150,154,159,160,169,170,180,184,187,202,189,218,186,230,178,238,166,242,156,244,146,150,150,154,141,161,135,170,127,185,122,200,123,215,120,229,125,236,132,241,138,244,146,158,149,165,157,170,161,178,165,188,167,201,168,213,166,221,163,228,158,232,154,236,146,158,149,165,143,172,140,179,138,189,137,200,136,210,136,218,137,225,138,230,140,236,146,202,70,150,150,154,160,160,171,170,182,185,190,203,192,220,188,233,180,241,168,245,157,248,146,150,150,154,141,161,134,170,127,186,121,201,122,217,120,231,124,239,131,245,137,248,146,158,149,165,158,170,163,178,167,189,170,202,171,215,169,224,165,231,160,235,155,240,146,158,149,164,142,172,139,180,137,190,136,201,135,212,135,221,135,228,137,234,140,240,146,202,70,150,150,154,160,160,171,170,182,185,189,203,191,220,188,233,179,241,168,245,157,248,146,150,150,154,141,161,134,170,127,186,121,201,122,216,120,231,124,239,131,244,137,248,146,158,149,165,158,170,163,178,167,189,170,202,171,215,169,224,165,231,160,235,155,240,146,158,149,164,142,172,139,180,137,189,136,201,135,212,135,221,136,228,137,234,140,240,146,203,71,150,150,155,159,161,169,172,178,186,185,204,187,220,183,233,176,242,165,246,155,250,146,150,150,154,142,161,136,171,129,187,123,202,124,217,122,232,126,240,132,246,138,250,146,158,149,165,157,170,160,179,163,190,166,203,166,215,165,225,161,232,157,236,154,242,146,158,149,164,144,172,141,180,139,190,138,202,138,213,137,222,137,230,139,236,141,242,146,203,72,150,150,155,160,161,170,171,181,186,188,204,190,221,186,233,178,241,167,246,157,249,146,150,150,154,141,161,135,171,127,186,122,202,122,217,120,232,125,240,132,246,138,249,146,158,149,165,158,171,162,179,166,190,168,203,169,215,167,225,164,232,159,236,155,241,146,158,149,165,143,172,140,180,138,190,136,202,136,213,136,222,136,229,138,235,140,241,146,204,74,150,150,155,159,162,167,172,177,186,183,204,184,220,181,233,174,241,164,246,155,250,147,150,150,154,143,161,137,171,130,187,125,203,126,218,124,232,128,241,134,247,140,250,147,158,149,165,156,170,158,179,161,190,163,203,164,215,162,225,160,232,156,237,153,242,147,158,149,164,144,172,142,180,141,190,140,202,140,214,139,223,139,230,140,236,142,242,147,204,76,150,150,155,159,161,168,172,178,186,184,203,186,220,183,232,175,241,165,246,155,249,146,150,150,154,142,161,136,171,129,187,124,203,125,218,122,232,127,240,133,246,138,249,146,158,149,165,156,170,160,179,163,190,165,203,166,215,164,225,161,232,157,236,153,241,146,158,149,164,144,171,141,180,139,190,138,202,138,213,137,223,138,230,139,236,141,241,146,203,75,150,150,155,159,161,167,172,176,186,182,203,184,220,181,232,174,241,164,246,154,249,146,150,150,154,143,161,137,171,130,187,124,203,125,217,123,232,127,240,133,246,138,249,146,158,149,165,155,170,158,179,161,190,163,203,163,215,162,224,159,231,155,236,152,241,145,158,149,164,144,172,142,180,140,190,139,202,139,213,138,222,138,229,139,235,141,241,145,203,76,150,150,154,158,161,167,171,176,185,182,202,183,219,180,231,173,239,163,244,154,247,146,150,150,153,142,161,137,170,130,186,124,201,125,216,123,231,127,239,133,244,138,247,146,158,149,164,155,170,158,178,161,189,162,202,163,214,161,223,159,230,155,234,152,239,145,158,149,164,144,171,142,179,140,189,139,201,139,212,138,221,138,228,139,234,141,239,145,204,76,150,150,155,158,162,165,173,174,187,179,204,181,220,178,233,171,241,162,246,153,249,145,150,150,154,143,161,138,171,131,187,126,203,127,218,125,233,128,241,134,246,139,249,145,158,149,164,154,170,156,179,158,190,160,203,160,216,159,225,156,232,153,236,151,242,145,158,149,164,145,171,143,180,142,191,141,203,141,214,140,223,140,230,140,236,141,242,145,204,75,150,150,155,158,162,166,173,174,187,180,204,181,221,178,233,171,242,162,247,153,251,145,150,150,154,143,161,138,171,131,188,126,203,127,218,124,233,128,242,133,248,138,251,145,158,149,165,154,171,157,180,159,191,160,204,161,216,159,226,156,233,153,237,150,243,145,158,149,164,145,172,143,180,142,191,141,203,141,214,140,224,139,231,140,237,141,243,145,203,75,150,150,155,157,162,165,172,173,187,179,204,180,220,177,232,170,241,160,246,152,249,144,150,150,153,143,161,138,171,131,187,126,202,127,217,124,232,128,240,133,246,138,249,144,157,149,164,153,170,156,179,158,190,159,203,159,215,157,224,155,232,152,236,149,241,144,157,149,164,144,171,143,180,142,190,141,202,140,213,140,222,139,230,140,236,140,241,144,202,75,150,150,154,157,161,165,172,173,186,179,203,180,219,177,231,170,240,160,245,152,248,144,150,150,153,143,161,138,170,131,186,126,202,127,216,124,231,127,239,133,245,138,248,144,157,149,164,153,170,156,179,158,189,159,202,159,214,158,224,155,231,152,235,149,241,144,157,149,164,144,171,143,179,142,189,141,201,140,212,140,222,139,229,139,235,140,241,144,201,75,150,150,155,156,162,163,172,171,186,176,203,177,218,174,231,168,240,159,246,152,249,145,150,150,153,144,161,138,170,132,186,126,201,127,216,125,231,129,240,134,246,139,249,145,157,149,164,152,170,154,178,155,189,156,202,156,214,155,224,152,232,150,236,149,242,144,157,149,164,145,171,144,179,142,190,142,201,142,213,141,222,140,230,141,236,141,242,144
146,198,66,145,143,150,150,157,157,167,165,181,170,198,171,213,169,226,162,234,154,239,146,243,138,145,143,149,136,157,131,167,124,182,118,197,119,212,117,226,121,234,127,240,132,243,138,153,142,159,146,165,148,174,150,185,151,197,151,209,150,218,148,226,145,230,143,235,138,153,142,159,138,167,136,175,134,185,133,197,133,207,132,216,132,223,133,229,134,235,138,200,67,145,143,150,150,158,157,169,165,183,170,199,171,215,168,227,162,236,154,241,146,245,138,145,143,150,136,157,131,168,125,184,120,199,121,213,119,228,122,236,128,242,132,245,138,153,142,160,146,166,148,175,149,186,151,199,151,211,150,220,148,227,145,232,143,237,138,153,142,159,138,167,136,176,135,186,135,198,135,209,134,218,134,225,134,231,135,237,138,200,63,145,142,150,150,157,159,167,168,182,174,200,176,216,173,229,166,237,156,242,147,245,138,145,142,149,134,157,128,167,122,183,116,199,117,214,115,228,119,236,125,242,130,245,138,153,141,160,147,166,150,175,153,186,155,199,156,211,154,221,151,228,148,232,144,238,137,153,141,160,136,167,134,176,132,186,131,198,131,209,130,218,130,226,131,232,133,238,137,199,63,145,141,150,150,157,159,167,168,182,174,199,175,216,172,228,165,236,155,241,145,244,136,145,141,149,133,157,127,167,120,183,114,198,115,213,113,227,117,235,123,241,129,244,136,153,140,160,147,166,150,175,153,185,155,199,155,211,153,220,150,227,147,231,143,236,136,153,140,160,135,167,132,176,130,186,129,198,129,209,128,218,128,225,129,230,131,236,136,199,63,145,141,150,150,157,159,167,169,182,175,200,177,216,174,229,166,237,155,242,145,245,136,145,141,149,133,157,127,166,120,183,114,198,115,213,112,228,116,236,122,242,128,245,136,153,140,160,147,166,151,175,154,186,156,199,157,211,155,221,151,228,147,232,144,237,136,153,140,159,134,167,132,176,130,186,129,198,128,209,128,218,128,225,129,231,131,237,136,199,62,145,140,150,150,157,159,167,169,182,175,200,176,216,173,229,165,237,155,242,145,245,135,145,140,149,132,157,126,166,119,183,113,198,114,213,111,228,115,236,121,242,127,245,135,153,139,160,147,166,150,175,154,186,156,199,156,211,154,221,151,228,147,232,143,237,135,153,139,159,134,167,131,176,129,186,128,198,127,209,127,218,127,225,128,231,130,237,135,200,62,146,141,150,150,157,159,168,169,183,175,201,176,218,173,230,165,239,155,243,145,246,135,146,141,150,132,157,126,167,119,184,113,200,113,215,111,230,115,238,121,243,127,246,135,154,140,161,147,167,150,176,153,187,156,200,156,213,154,222,151,229,147,233,143,238,135,154,140,160,134,168,131,176,129,187,128,199,127,210,127,220,127,227,128,233,130,238,135,201,58,146,140,150,150,157,159,168,169,183,176,201,178,219,174,232,166,240,155,245,145,248,134,146,140,150,131,157,124,167,117,184,111,200,111,215,109,230,113,239,120,244,126,248,134,154,139,161,147,167,151,176,154,187,156,201,157,213,155,223,151,230,147,234,143,239,134,154,139,160,133,168,130,177,127,187,126,200,125,211,125,220,125,227,127,233,129,239,134,201,60,145,141,150,150,157,160,168,170,183,176,201,178,218,174,231,166,239,156,244,146,247,136,145,141,150,133,157,126,167,119,183,113,200,114,215,111,230,116,238,122,244,128,247,136,153,140,161,147,166,151,175,154,187,156,200,157,213,155,222,152,229,148,233,144,239,136,153,140,160,134,168,132,176,130,187,129,199,128,210,127,220,128,227,129,233,131,239,136,201,59,146,140,150,150,157,159,168,169,183,176,201,177,218,174,231,166,240,155,244,145,247,135,146,140,150,132,157,125,167,118,184,112,200,113,215,110,230,115,238,121,244,127,247,135,154,139,161,147,167,150,176,154,187,156,201,157,213,154,223,151,230,147,234,143,239,135,154,139,160,133,168,131,177,129,187,127,199,127,211,126,220,127,227,128,233,130,239,135,201,60,145,141,150,150,157,160,168,170,183,177,201,178,219,175,231,167,240,156,244,145,247,135,145,141,149,132,157,126,167,119,184,113,200,113,215,111,230,115,238,121,244,127,247,135,153,140,160,147,166,151,176,155,187,157,201,158,213,156,223,152,230,148,234,144,239,135,153,140,160,134,168,131,177,129,187,128,200,127,211,127,220,127,227,128,233,130,239,135,200,60,145,140,150,150,157,160,168,171,183,178,201,179,219,176,231,168,240,156,244,145,247,135,145,140,150,132,157,125,167,118,184,112,200,113,215,110,230,114,238,121,244,127,247,135,153,139,161,148,166,152,176,156,187,158,201,159,213,157,223,153,230,148,234,144,239,135,153,139,160,133,168,130,177,128,187,127,199,126,211,126,220,126,227,127,233,129,239,135,201,61,146,140,150,150,158,160,169,170,184,177,202,179,219,175,232,167,241,156,245,145,249,135,146,140,150,132,158,125,168,118,184,112,200,113,216,110,231,115,239,121,245,127,249,135,154,139,161,148,167,152,176,155,187,158,201,159,214,156,224,153,231,148,235,144,240,135,154,139,160,133,168,130,177,128,188,127,200,126,211,126,221,126,228,127,234,129,240,135,200,61,145,141,150,150,157,160,168,170,183,177,201,179,218,175,231,167,239,156,244,146,247,135,145,141,149,132,157,126,167,119,183,113,200,114,215,111,230,115,238,121,244,127,247,135,153,140,160,148,166,152,175,155,186,158,200,159,213,156,222,153,230,148,234,144,239,135,153,140,160,134,167,131,176,129,187,128,199,127,210,127,220,127,227,128,233,130,239,135,199,61,145,141,150,150,157,160,168,170,183,176,201,178,218,174,231,166,239,156,244,145,247,135,145,141,149,133,157,126,167,119,183,113,199,114,214,111,229,115,238,122,244,127,247,135,153,140,160,148,166,151,175,155,186,157,200,158,213,156,222,152,230,148,234,144,239,135,153,140,159,134,167,131,176,129,187,128,199,127,210,127,220,127,227,128,233,130,239,135,199,61,145,141,150,150,157,160,168,170,183,176,201,177,218,174,231,166,239,155,244,145,247,135,145,141,149,133,157,126,167,119,183,113,199,114,214,111,229,116,238,122,244,127,247,135,153,140,160,147,166,151,175,154,186,157,200,157,213,155,222,152,230,148,234,144,239,135,153,140,159,134,167,131,176,129,187,128,199,128,210,127,220,127,227,128,233,130,239,135,199,60,145,140,150,150,157,161,167,171,182,178,201,180,218,177,231,168,239,157,244,146,247,135,145,140,149,131,157,125,166,117,183,111,199,112,214,110,229,114,237,121,243,127,247,135,153,139,160,148,166,152,175,156,186,159,200,160,213,158,222,154,229,149,233,145,238,135,153,139,160,133,167,130,176,127,186,126,199,126,210,125,219,125,226,127,232,129,238,135,200,59,145,139,150,150,157,160,168,171,182,178,201,180,218,176,231,168,240,156,244,145,248,134,145,139,149,130,157,124,167,117,183,111,199,112,215,109,230,114,238,120,244,126,248,134,153,138,160,148,166,152,175,156,186,159,200,160,213,158,223,154,230,149,234,144,239,134,153,138,160,132,167,129,176,127,187,126,199,125,210,125,220,125,227,126,233,128,239,134,198,60,146,139,150,150,157,161,167,173,181,180,200,182,217,178,230,170,238,157,242,146,245,134,146,139,150,129,157,123,166,115,182,109,198,110,213,108,228,112,236,119,241,125,245,134,154,138,161,148,166,153,175,158,185,161,199,162,211,160,221,155,227,150,231,145,236,134,154,138,160,131,167,128,176,125,186,124,198,123,209,123,218,123,225,125,230,128,236,134,199,59,145,138,150,150,156,161,167,173,181,180,200,182,217,178,230,169,238,157,242,145,245,133,145,138,149,129,156,122,166,115,182,109,198,109,214,107,229,111,236,118,242,124,245,133,154,138,161,148,166,153,175,158,186,161,199,162,212,159,221,155,228,150,232,144,237,134,154,138,160,130,167,127,176,124,186,123,198,123,209,122,218,122,225,124,231,127,237,134,198,61,145,139,150,150,156,161,166,172,181,180,199,181,216,178,228,169,236,157,240,145,243,134,145,139,149,130,156,124,165,117,181,111,197,111,212,109,227,113,234,120,240,126,243,134,154,138,160,148,166,153,174,157,185,160,198,161,210,159,219,155,226,150,230,144,235,134,154,138,160,132,167,128,175,126,185,125,197,124,208,124,217,124,223,126,229,128,235,134,198,61,145,139,150,150,156,161,166,172,181,179,199,181,216,178,229,169,236,157,241,146,244,135,145,139,149,130,156,124,166,116,181,111,197,111,212,109,227,114,235,120,240,126,244,135,154,138,160,148,166,152,174,157,185,160,198,161,211,159,220,155,226,150,230,145,235,135,154,138,160,131,167,128,175,126,185,125,197,125,208,124,217,125,224,126,229,129,235,135,197,61,146,140,150,150,156,160,166,171,181,178,198,180,215,177,227,168,235,157,239,147,242,137,146,140,150,132,157,126,166,119,181,113,197,114,211,112,225,116,233,122,238,128,242,137,154,139,161,148,166,152,174,156,184,159,197,159,209,157,218,154,225,149,229,145,233,136,154,139,160,133,167,131,175,129,185,128,196,127,207,127,215,127,222,129,228,131,233,136,197,60,146,140,150,150,156,160,166,171,180,178,198,180,215,176,227,168,235,156,239,146,242,136,146,140,150,131,157,125,166,118,181,112,197,113,211,111,226,115,233,122,239,128,242,136,154,139,160,147,166,151,174,156,184,158,197,159,210,157,219,154,225,149,229,144,234,136,154,139,160,133,167,130,175,128,185,127,196,127,207,126,216,126,222,128,228,130,234,136,196,60,146,141,150,150,156,160,166,170,180,177,197,179,213,176,226,168,234,157,238,147,240,137,146,141,150,132,156,126,165,119,180,113,196,114,210,112,224,116,232,123,237,129,240,137,154,139,160,147,165,151,173,155,184,158,196,159,208,157,217,153,224,149,228,145,232,137,154,139,160,134,167,131,175,129,184,128,195,128,206,127,214,128,221,129,226,131,232,137,197,61,146,141,150,150,157,159,166,170,180,176,198,178,214,175,226,167,234,156,238,146,241,137,146,141,150,132,157,126,166,120,181,114,196,115,211,113,225,117,233,123,238,129,241,137,154,139,160,147,166,151,174,154,184,157,197,158,209,156,218,152,225,148,228,144,233,136,154,139,160,134,167,132,175,130,185,129,196,129,207,128,215,128,222,130,227,131,233,136,197,61,145,141,150,150,156,159,166,169,180,176,197,177,214,174,226,167,234,156,238,146,241,137,145,141,149,133,157,127,166,120,181,115,196,116,211,113,225,118,232,124,238,129,241,137,153,139,160,147,165,150,173,154,184,156,197,157,209,155,218,152,224,148,228,144,233,137,153,139,160,134,167,132,175,131,185,130,196,130,206,129,215,129,222,130,227,132,233,137,198,63,146,141,150,150,156,160,166,170,180,176,197,178,213,175,226,167,234,156,238,147,241,138,146,141,150,134,157,128,166,121,181,116,196,117,211,114,225,119,232,125,238,130,241,138,154,140,160,147,165,151,174,154,184,156,197,157,208,155,217,152,224,148,228,145,233,138,154,140,160,135,167,133,175,132,185,131,196,131,206,130,215,130,222,131,227,133,233,138,197,59,146,140,150,150,156,160,166,171,180,178,197,180,214,177,226,168,234,157,238,146,240,136,146,140,150,131,157,125,166,117,181,111,196,112,210,110,224,115,232,122,237,128,240,136,154,139,160,147,166,151,174,155,184,158,197,159,209,157,217,153,224,149,227,144,232,136,154,139,160,133,167,130,175,128,185,127,196,126,206,126,214,126,221,128,226,130,232,136,197,60,146,141,150,150,156,160,166,171,180,178,198,180,214,177,226,169,234,157,238,147,240,137,146,141,150,132,157,126,166,118,181,113,196,114,211,111,225,116,232,123,237,129,240,137,154,140,161,148,166,152,174,156,184,158,197,159,209,157,217,154,224,149,228,145,232,137,154,140,161,134,168,131,176,129,185,128,196,127,206,127,214,128,221,129,226,131,232,137,198,60,146,140,150,150,156,161,166,172,181,180,199,182,216,178,229,170,237,158,241,147,244,136,146,140,150,131,157,124,166,117,182,111,197,112,213,110,227,114,235,121,241,127,244,136,154,139,161,148,166,153,174,157,185,160,198,161,211,159,220,155,227,150,231,145,236,136,154,139,160,132,168,129,176,127,186,126,197,125,208,125,217,125,224,127,230,130,236,136,198,60,146,140,150,150,156,161,166,172,181,179,199,181,216,178,229,169,237,158,241,147,244,136,146,140,150,131,157,124,166,117,181,111,197,112,212,110,227,114,235,121,240,127,244,136,154,139,161,148,166,153,174,157,185,160,198,161,211,159,220,155,227,150,231,145,236,136,154,139,160,132,167,129,176,127,185,126,197,125,208,125,217,126,224,127,230,130,236,136,198,62,145,141,150,150,156,160,167,170,181,176,199,178,215,175,228,167,237,156,241,146,245,137,145,141,149,133,156,127,166,120,182,114,197,115,212,113,227,117,235,123,241,129,245,137,153,140,160,148,165,151,174,154,185,157,198,157,210,156,220,152,227,148,231,145,237,137,153,140,159,135,167,132,175,130,185,129,197,129,208,128,217,128,225,130,231,132,237,137,198,62,145,140,150,150,156,160,166,171,181,178,199,180,216,176,228,168,236,157,241,147,244,136,145,140,149,131,156,125,166,117,181,112,197,112,212,110,227,115,235,122,241,128,244,136,154,139,160,148,166,152,174,156,185,158,198,159,210,157,220,154,227,149,231,145,236,136,154,139,160,133,167,130,175,128,185,126,197,126,208,126,217,126,224,128,230,130,236,136,199,65,145,141,150,150,157,158,167,168,181,174,199,175,215,172,228,165,236,155,241,146,245,138,145,141,149,134,156,128,166,121,182,116,198,117,213,115,227,119,236,125,242,131,245,138,153,140,160,146,165,149,174,152,185,154,198,155,210,153,220,151,227,147,232,144,237,138,153,140,159,135,167,133,175,132,185,131,197,131,209,130,218,130,225,131,231,133,237,138,199,67,145,141,150,150,156,159,167,169,181,175,198,177,215,174,227,166,236,156,241,146,244,137,145,141,149,133,156,127,166,120,182,115,198,116,213,113,227,118,235,124,241,129,244,137,153,140,160,147,165,151,174,154,185,156,198,157,210,155,220,152,227,148,231,144,236,137,153,140,159,135,166,132,175,130,185,129,197,129,208,128,217,129,225,130,231,132,236,137,198,66,145,141,150,150,156,158,167,167,181,173,199,175,215,172,227,165,236,155,241,145,244,137,145,141,149,134,156,128,166,121,182,115,198,116,212,114,227,118,235,124,241,129,244,137,153,140,160,146,165,149,174,152,185,154,198,154,210,153,219,150,227,146,231,143,236,136,153,140,159,135,166,133,175,131,185,130,197,130,208,129,217,129,224,130,230,132,236,136,199,68,146,142,150,150,157,159,167,168,181,174,198,175,215,172,227,165,235,155,240,146,243,138,146,142,149,134,157,128,166,122,182,116,197,117,212,115,227,119,235,125,240,130,243,138,154,141,160,147,166,150,174,153,185,155,198,155,210,153,219,151,226,147,230,144,235,137,154,141,160,136,167,134,175,132,185,131,197,130,208,130,217,130,224,131,230,133,235,137,199,68,145,142,150,150,157,157,168,166,182,171,199,173,215,170,228,163,236,154,241,145,244,137,145,142,149,135,156,130,166,123,182,118,198,119,213,117,228,120,236,126,242,131,244,137,152,141,159,146,165,148,174,150,185,152,199,152,211,151,220,148,227,145,231,143,237,137,152,141,159,137,166,135,175,134,186,133,198,133,209,132,218,132,225,132,231,133,237,137,199,67,145,142,150,150,157,158,168,166,182,172,200,173,216,170,228,163,237,154,242,145,246,137,145,142,149,135,157,130,166,123,183,118,198,119,213,116,228,120,237,125,243,130,246,137,153,141,160,146,166,148,175,151,186,152,199,153,211,151,221,148,228,145,232,142,238,137,153,141,159,136,167,135,175,134,186,133,198,133,209,132,219,131,226,132,232,133,238,137,198,68,145,143,150,150,157,158,168,166,182,172,199,173,215,170,227,163,236,153,241,145,244,137,145,143,149,136,156,131,166,124,182,119,197,120,212,117,227,121,235,126,241,131,244,137,153,142,159,147,165,149,174,151,185,152,198,152,210,150,219,148,227,145,231,142,236,137,153,142,159,138,166,136,175,135,185,134,197,134,208,133,217,132,225,133,231,134,236,137,197,68,145,143,150,150,156,158,167,166,181,172,198,173,214,170,226,163,235,153,240,145,243,137,145,143,149,136,156,131,165,124,181,119,197,120,211,117,226,120,234,126,240,131,243,137,153,142,159,146,165,149,174,151,184,152,197,152,209,150,219,148,226,145,230,142,236,137,153,142,159,137,166,136,174,134,185,134,196,133,207,132,217,132,224,132,230,133,236,137,196,69,145,144,150,150,157,157,167,165,181,170,198,171,213,168,226,162,235,153,240,146,244,139,145,144,149,138,156,132,165,126,181,120,196,121,211,119,226,123,235,128,241,133,244,139,152,143,159,146,165,147,173,149,184,150,197,150,209,148,219,146,226,144,231,143,237,138,152,143,159,139,166,138,174,136,185,136,196,136,208,135,217,134,225,135,231,135,237,138
91,191,59,138,136,143,143,150,150,160,158,174,163,191,164,206,162,218,155,227,147,232,139,236,131,138,136,142,129,150,124,160,117,175,111,190,112,205,110,219,114,227,120,233,125,236,131,146,135,152,139,158,141,167,143,178,144,190,144,202,143,211,141,219,138,223,136,228,131,146,135,152,131,160,129,168,127,178,126,190,126,200,125,209,125,216,126,222,127,228,131,192,60,137,136,142,143,150,150,160,158,175,163,191,164,207,161,219,155,228,147,233,139,237,131,137,136,142,129,149,124,160,118,176,113,191,114,205,112,219,115,228,121,233,125,237,131,145,134,152,139,158,141,167,143,178,144,191,144,203,143,212,141,219,138,224,136,229,131,145,134,151,131,159,129,168,128,178,128,190,128,201,127,210,127,217,127,223,128,229,131,193,54,138,133,143,141,150,150,161,159,175,165,193,167,209,164,222,157,230,147,235,138,239,128,138,133,142,125,150,119,160,113,176,107,192,108,207,106,221,110,229,116,235,121,239,128,146,132,153,138,159,141,168,144,179,146,192,147,204,145,214,142,221,139,225,135,231,128,146,132,153,127,160,125,169,123,179,122,191,122,202,121,211,121,219,122,225,124,231,128,192,54,138,132,143,141,150,150,160,159,175,165,192,167,209,163,221,156,229,146,234,136,237,127,138,132,142,124,150,118,160,111,176,105,191,106,206,104,220,108,228,114,234,120,237,127,146,131,153,138,159,141,168,144,178,146,192,146,204,144,213,141,220,138,224,134,229,127,146,131,153,126,160,123,169,121,179,120,191,120,202,119,211,119,218,120,223,122,229,127,192,54,138,132,143,141,150,150,160,160,175,166,193,168,209,165,222,157,230,146,235,136,238,127,138,132,142,124,150,118,159,111,176,105,191,106,206,103,221,107,229,113,235,119,238,127,146,131,153,138,159,142,168,145,179,147,192,148,204,146,214,143,221,138,225,135,230,127,146,131,152,125,160,123,169,121,179,120,191,119,202,119,211,119,218,120,224,122,230,127,192,53,138,131,143,141,150,150,160,160,175,166,193,167,209,164,222,156,230,146,235,136,238,126,138,131,142,123,150,117,159,110,176,104,192,105,207,102,221,106,229,112,235,118,238,126,146,130,153,138,159,141,168,145,179,147,192,147,204,145,214,142,221,138,225,134,230,126,146,130,153,125,160,122,169,120,179,119,191,118,202,118,211,118,218,119,224,121,230,126,193,53,139,132,143,141,150,150,161,160,176,166,194,167,211,164,223,156,232,146,236,136,239,126,139,132,143,123,150,117,160,110,176,104,193,105,208,102,223,106,231,112,236,118,239,126,147,131,154,138,160,141,169,144,180,146,193,147,206,145,215,142,222,138,226,134,231,126,147,131,153,125,161,122,169,120,180,119,192,118,203,118,213,118,220,119,226,121,231,126,194,49,139,131,143,141,150,150,161,160,176,167,194,169,212,165,225,157,233,146,238,136,241,125,139,131,143,122,150,115,160,108,177,102,193,102,208,100,223,104,232,111,237,117,241,125,147,130,154,138,160,142,169,145,180,147,194,148,206,146,216,142,223,138,227,134,232,125,147,130,153,124,161,121,170,118,180,117,193,116,204,116,213,116,220,117,226,120,232,125,194,50,138,131,143,140,150,150,161,160,176,166,194,168,211,164,224,157,232,146,237,136,240,126,138,131,143,123,150,116,160,109,176,103,193,104,208,101,223,106,231,112,237,118,240,126,146,130,154,137,159,141,168,144,180,146,193,147,206,145,215,142,222,138,226,134,232,126,146,130,153,124,161,122,169,120,180,119,192,118,203,117,213,118,220,119,226,121,232,126,194,50,139,131,143,141,150,150,161,160,176,167,194,168,211,165,224,157,233,146,237,136,240,126,139,131,143,123,150,116,160,109,177,103,193,104,208,101,223,106,231,112,237,118,240,126,147,130,154,138,160,141,169,145,180,147,194,148,206,146,216,142,223,138,227,134,232,126,147,130,153,124,161,122,170,120,180,118,192,118,204,117,213,117,220,119,226,121,232,126,194,50,138,131,143,140,150,150,161,160,176,166,194,168,211,165,224,157,233,146,237,135,240,125,138,131,142,122,150,116,160,109,177,103,193,103,208,101,223,105,231,111,237,117,240,125,146,130,153,137,159,141,169,145,180,147,194,147,206,145,216,142,223,138,227,134,232,125,146,130,153,124,161,121,170,119,180,118,192,117,204,117,213,117,220,118,226,120,232,125,193,50,138,130,143,140,150,150,161,161,176,168,194,169,212,166,224,158,233,146,237,135,240,125,138,130,143,122,150,115,160,108,177,102,193,103,208,100,223,104,231,111,237,117,240,125,146,129,154,138,159,142,169,146,180,148,194,149,206,147,216,143,223,138,227,134,232,125,146,129,153,123,161,120,170,118,180,117,192,116,204,116,213,116,220,117,226,119,232,125,193,51,138,130,143,140,150,150,161,160,176,167,194,169,211,165,224,157,233,146,237,135,241,125,138,130,142,122,150,115,160,108,176,102,192,103,208,100,223,105,231,111,237,117,241,125,146,129,153,138,159,142,168,145,179,148,193,149,206,147,216,143,223,138,227,134,232,125,146,129,152,123,160,120,169,118,180,117,192,116,203,116,213,116,220,117,226,119,232,125,193,51,138,131,143,140,150,150,161,161,176,167,194,169,211,165,224,157,232,146,237,136,240,125,138,131,142,122,150,116,160,109,176,103,193,104,208,101,223,105,231,111,237,117,240,125,146,130,153,138,159,142,168,146,179,148,193,149,206,146,215,143,223,138,227,134,232,125,146,130,153,124,160,121,169,119,180,118,192,117,203,116,213,117,220,118,226,120,232,125,192,51,138,131,143,140,150,150,161,160,176,166,194,168,211,164,224,156,232,146,237,135,240,125,138,131,142,123,150,116,160,109,176,103,192,104,208,101,222,105,231,112,237,117,240,125,146,130,153,138,159,141,168,145,179,147,193,148,206,145,215,142,223,138,227,134,232,125,146,130,152,124,160,121,169,119,180,118,192,117,203,117,213,117,220,118,226,120,232,125,192,51,138,131,143,140,150,150,161,160,176,166,194,167,211,164,224,156,232,145,237,135,240,125,138,131,142,123,150,116,160,109,176,103,192,104,207,101,222,106,231,112,237,117,240,125,146,130,153,137,159,141,168,144,179,147,193,147,206,145,215,142,223,138,227,134,232,125,146,130,152,124,160,121,169,119,180,118,192,118,203,117,213,117,220,118,226,120,232,125,192,49,138,129,143,139,150,150,160,160,175,167,194,169,211,166,224,157,232,146,237,135,240,124,138,129,142,120,150,114,159,106,176,100,192,101,207,99,222,103,230,110,236,116,240,124,146,128,153,137,159,141,168,145,179,148,193,149,206,147,215,143,222,138,226,134,231,124,146,128,153,122,160,119,169,116,179,115,192,115,203,114,212,115,219,116,225,119,231,124,193,49,138,129,143,140,150,150,160,161,175,168,194,170,211,166,224,158,233,146,237,135,241,124,138,129,142,120,150,114,160,107,176,101,192,102,208,99,223,104,231,110,237,116,241,124,146,128,153,137,159,142,168,146,179,149,193,150,206,148,216,144,223,139,227,134,232,124,146,128,153,122,160,119,169,117,180,116,192,115,203,114,213,115,220,116,226,118,232,124,191,49,139,128,143,139,150,150,160,162,174,169,193,171,210,167,223,159,231,146,235,135,238,123,139,128,143,118,150,112,159,104,175,99,191,99,206,97,221,101,229,108,234,114,238,123,147,127,154,137,159,142,168,147,178,150,192,151,204,149,214,145,220,139,224,134,229,123,147,127,153,120,161,117,169,114,179,113,191,112,202,112,211,112,218,114,223,117,229,123,193,48,139,127,144,139,150,150,161,162,175,169,194,171,211,167,224,158,232,146,236,134,239,122,139,127,143,118,150,111,160,104,176,98,192,98,208,96,223,100,230,107,236,113,239,122,148,126,155,137,160,142,169,147,179,150,193,151,206,148,215,144,222,139,226,133,231,123,148,126,154,119,161,116,170,113,180,112,192,112,203,111,212,111,219,113,225,116,231,123,192,50,139,128,144,139,150,150,160,161,175,169,193,170,210,167,222,158,230,146,234,134,237,123,139,128,143,119,150,113,159,105,175,100,191,100,206,98,221,102,228,109,234,115,237,123,148,127,154,137,160,142,168,146,179,149,192,150,204,148,213,144,220,139,224,133,229,123,148,127,154,120,161,117,169,115,179,114,191,113,202,113,211,113,217,115,223,117,229,123,192,49,139,128,143,139,150,150,160,161,175,168,193,170,210,167,223,158,230,146,235,135,238,124,139,128,143,119,150,112,159,105,175,100,191,100,206,98,221,103,229,109,234,115,238,124,147,127,154,137,160,142,168,146,179,149,192,150,205,148,214,144,220,139,224,134,229,124,147,127,154,120,161,117,169,115,179,114,191,114,202,113,211,114,218,115,223,118,229,124,191,50,140,130,144,140,150,150,160,161,175,168,192,170,209,167,221,158,229,147,233,137,236,127,140,130,144,122,151,116,160,109,175,103,191,104,205,102,219,106,227,112,232,118,236,127,148,129,155,138,160,142,168,146,179,148,191,149,203,147,212,144,219,139,223,135,227,126,148,129,154,123,161,121,169,119,179,118,190,117,201,117,209,117,216,119,222,121,227,126,191,50,140,130,144,140,150,150,160,161,175,168,192,170,209,166,221,158,229,147,233,136,236,126,140,130,144,121,151,115,160,108,175,102,191,103,205,101,220,105,227,112,233,118,236,126,148,129,155,137,160,142,168,146,178,148,191,149,204,147,213,144,219,139,223,134,228,126,148,129,154,123,161,120,170,118,179,117,191,117,201,116,210,117,216,118,222,120,228,126,190,50,140,131,144,140,150,150,160,160,174,167,191,169,207,166,220,158,228,147,232,137,234,127,140,131,144,122,150,116,159,109,174,103,190,104,204,102,218,106,226,113,231,119,234,127,148,129,154,137,159,141,167,145,177,148,190,149,202,147,211,143,218,139,221,135,226,127,148,129,154,124,161,121,169,119,178,118,189,118,200,117,208,118,215,119,220,121,226,127,191,52,140,132,144,141,150,150,160,161,174,168,192,169,208,166,220,158,228,147,232,137,235,128,140,132,144,123,151,117,160,111,175,105,190,106,205,104,219,108,227,114,232,120,235,128,148,130,154,138,160,142,168,145,178,148,191,149,203,147,212,143,219,139,222,135,227,127,148,130,154,125,161,123,169,121,179,120,190,120,201,119,209,120,216,121,221,122,227,127,191,52,139,132,144,141,150,150,160,160,174,167,191,169,208,165,220,158,228,147,232,137,235,128,139,132,143,124,151,118,160,111,175,106,190,107,205,104,219,109,226,115,232,121,235,128,147,131,154,138,159,141,167,145,178,147,191,148,203,146,212,143,218,139,222,135,227,128,147,131,154,125,161,123,169,122,179,121,190,121,200,120,209,120,216,121,221,123,227,128,192,53,140,131,144,140,150,150,160,160,174,166,191,168,208,165,220,157,228,147,232,137,235,128,140,131,144,124,151,118,160,111,175,106,190,107,205,104,219,109,226,115,232,120,235,128,148,130,154,137,159,141,168,144,178,146,191,147,203,145,211,142,218,138,222,135,227,128,148,130,154,125,161,123,169,122,179,121,190,121,200,120,209,120,216,121,221,123,227,128,191,49,140,130,144,140,150,150,160,161,174,168,191,170,208,167,220,158,228,147,232,136,234,126,140,130,144,121,151,115,159,107,175,101,190,102,204,100,218,105,226,112,231,118,234,126,148,129,154,137,160,141,168,145,178,148,191,149,203,147,211,143,218,139,221,134,226,126,148,129,154,123,161,120,169,118,179,117,190,116,200,116,208,116,215,118,220,120,226,126,191,50,140,131,144,140,150,150,160,161,174,168,192,170,208,167,220,159,228,147,232,137,234,127,140,131,144,122,151,116,160,108,175,103,190,104,205,101,219,106,226,113,231,119,234,127,148,130,155,138,160,142,168,146,178,148,191,149,203,147,211,144,218,139,222,135,226,127,148,130,155,124,162,121,169,119,179,118,190,117,200,117,208,118,215,119,220,121,226,127,192,49,140,129,144,139,150,150,160,161,175,169,193,171,210,167,223,159,231,147,235,136,238,125,140,129,144,120,151,113,160,106,176,100,191,101,207,99,221,103,229,110,235,116,238,125,148,128,155,137,160,142,168,146,179,149,192,150,205,148,214,144,221,139,225,134,230,125,148,128,154,121,162,118,170,116,180,115,191,114,202,114,211,114,218,116,224,119,230,125,192,49,140,129,144,139,150,150,160,161,175,168,193,170,210,167,223,158,231,146,235,136,238,125,140,129,144,120,151,113,160,106,176,100,191,101,206,99,221,103,229,110,234,116,238,125,148,128,155,137,160,142,168,146,179,149,192,150,205,148,214,144,221,139,225,134,230,125,148,128,154,121,162,118,170,116,179,115,191,114,202,114,211,115,218,116,224,119,230,125,191,52,139,131,143,140,150,150,161,159,175,166,193,168,209,164,222,157,230,146,235,136,239,127,139,131,143,123,150,117,160,110,176,104,191,105,206,103,221,107,229,113,235,119,239,127,147,130,154,138,159,141,168,144,179,147,192,147,204,146,214,142,221,138,225,135,231,127,147,130,153,125,161,122,169,120,179,119,191,119,202,118,211,118,218,120,225,122,231,127,192,52,139,130,144,140,150,150,160,161,175,168,193,170,210,166,222,158,230,147,235,137,238,126,139,130,143,121,150,115,160,107,175,102,191,102,206,100,221,105,229,112,235,118,238,126,147,129,154,138,160,142,168,146,179,148,192,149,204,147,214,144,221,139,225,135,230,126,147,129,154,123,161,120,169,118,179,116,191,116,202,116,211,116,218,118,224,120,230,126,192,57,138,133,143,142,150,150,160,160,174,166,192,167,208,164,221,157,229,148,234,138,238,130,138,133,142,126,149,120,159,113,175,108,191,109,206,107,220,111,229,117,235,123,238,130,146,132,153,139,158,141,167,144,178,146,191,147,203,145,213,143,220,139,225,136,230,130,146,132,152,127,160,125,168,124,179,123,190,123,202,122,211,122,218,123,224,125,230,130,193,58,139,132,143,141,150,150,161,160,175,166,192,167,209,165,221,157,230,147,235,137,238,128,139,132,143,124,150,118,160,111,176,106,192,107,207,104,221,109,229,115,235,120,238,128,147,131,154,138,159,141,168,145,179,147,192,147,204,146,214,143,221,139,225,135,230,128,147,131,153,126,160,123,169,121,179,120,191,120,202,120,211,120,219,121,225,123,230,128,192,58,139,133,144,142,150,150,161,159,175,165,193,167,209,164,221,157,230,147,235,137,238,129,139,133,143,126,150,120,160,113,176,107,192,108,206,106,221,110,229,116,235,121,238,129,147,132,154,138,159,141,168,144,179,146,192,146,204,145,213,142,221,138,225,135,230,128,147,132,153,127,161,125,169,123,179,122,191,122,202,121,211,121,218,122,224,124,230,128,192,58,139,133,143,141,150,150,160,159,174,165,191,166,208,163,220,156,228,146,233,137,236,129,139,133,142,125,150,120,159,113,175,107,190,108,205,106,220,110,228,116,233,121,236,129,147,132,153,138,159,141,167,144,178,146,191,146,203,144,212,142,219,138,223,135,228,128,147,132,153,127,160,125,168,123,178,122,190,122,201,121,210,121,217,122,223,124,228,128,192,61,138,135,143,143,150,150,161,159,175,164,192,166,208,163,221,156,229,147,234,138,237,130,138,135,142,128,149,123,159,116,175,111,191,112,206,110,221,113,229,119,234,124,237,130,145,134,152,139,158,141,167,143,178,145,191,145,203,144,213,141,220,138,224,136,230,130,145,134,152,130,159,128,168,127,179,126,191,126,202,125,211,125,218,125,224,126,230,130,192,59,138,134,143,142,150,150,161,158,175,164,192,165,209,162,221,155,230,146,235,137,239,129,138,134,142,127,149,122,159,115,176,110,191,111,206,108,221,112,230,117,236,122,239,129,146,133,153,138,158,141,167,143,179,144,192,145,204,143,214,140,221,137,225,134,231,129,146,133,152,128,160,127,168,126,179,125,191,125,202,124,212,123,219,124,225,125,231,129,191,60,138,135,143,142,150,150,160,158,175,164,192,165,208,162,220,155,229,145,234,137,237,129,138,135,142,128,149,123,159,116,175,111,190,112,205,109,220,113,228,118,234,123,237,129,145,134,152,138,158,141,167,143,178,144,191,144,203,142,212,140,220,137,224,134,229,129,145,134,152,130,159,128,168,127,178,126,190,126,201,125,210,124,218,125,224,126,229,129,191,60,139,135,144,142,150,150,161,158,175,164,192,165,208,162,220,155,229,145,234,137,237,129,139,135,142,128,150,123,159,116,175,111,191,112,205,109,220,113,228,118,234,123,237,129,147,134,153,138,159,141,168,143,178,144,191,144,203,143,213,140,220,137,224,134,230,129,147,134,153,129,160,128,168,127,178,126,190,125,201,125,211,124,218,125,224,125,230,129,189,62,138,137,143,143,150,150,160,158,174,163,191,164,206,161,219,155,228,146,234,139,237,132,138,137,141,131,149,125,158,119,174,113,189,114,204,112,219,116,228,121,234,126,237,132,145,136,152,139,158,141,166,142,177,143,190,143,202,141,212,139,220,137,224,136,230,131,145,136,152,132,159,131,167,129,178,129,189,129,201,128,210,127,218,128,224,128,230,131
181,181,51,128,128,133,135,140,142,150,150,164,155,181,156,196,154,209,147,217,139,222,131,226,123,128,128,132,121,140,116,150,109,165,103,180,104,195,102,209,106,217,112,223,117,226,123,136,127,142,131,148,133,157,135,168,136,180,136,192,135,201,133,209,130,213,128,218,123,136,127,142,123,150,121,158,119,168,118,180,118,190,117,199,117,206,118,212,119,218,123,181,52,126,128,131,135,139,142,150,150,164,155,180,156,196,153,208,147,217,139,222,131,226,123,126,128,131,121,138,116,149,110,165,105,180,106,194,104,208,107,217,113,223,118,226,123,134,127,141,131,147,133,156,134,167,136,180,136,192,135,201,132,208,130,213,128,218,123,134,127,140,123,148,121,157,120,167,120,179,120,190,119,199,119,206,119,212,120,218,123,183,46,128,124,133,132,140,141,150,150,165,156,183,158,199,155,212,148,220,138,225,129,228,120,128,124,132,116,140,110,150,104,166,98,182,99,197,97,211,101,219,107,225,112,228,120,136,123,143,129,149,132,158,135,169,137,182,138,194,136,204,133,211,130,215,126,221,119,136,123,143,118,150,116,159,114,169,113,181,113,192,112,201,112,209,113,215,115,221,119,182,45,128,123,133,132,140,141,150,150,165,156,182,157,199,154,211,147,219,137,224,127,227,118,128,123,132,115,140,109,150,102,166,96,181,97,196,95,210,99,218,105,224,111,227,118,136,122,143,129,149,132,158,135,168,137,182,137,194,135,203,132,210,129,214,125,219,118,136,122,143,117,150,114,159,112,169,111,181,111,192,110,201,110,208,111,213,113,219,118,182,44,128,122,133,131,140,140,150,150,165,156,183,158,199,155,212,147,220,136,225,126,228,117,128,122,132,114,140,108,149,101,166,95,181,96,196,93,211,97,219,103,225,109,228,117,136,121,143,128,149,132,158,135,169,137,182,138,194,136,204,132,211,128,215,125,220,117,136,121,142,115,150,113,159,111,169,110,181,109,192,109,201,109,208,110,214,112,220,117,182,43,128,121,133,131,140,140,150,150,165,156,183,157,199,154,212,146,220,136,225,126,228,116,128,121,132,113,140,107,149,100,166,94,181,95,196,92,211,96,219,102,225,108,228,116,136,120,143,128,149,131,158,135,169,137,182,137,194,135,204,132,211,128,215,124,220,116,136,120,142,115,150,112,159,110,169,109,181,108,192,108,201,108,208,109,214,111,220,116,182,43,128,122,132,131,139,140,150,150,165,156,183,157,200,154,212,146,221,136,225,126,228,116,128,122,132,113,139,107,149,100,165,94,182,95,197,92,212,96,220,102,225,108,228,116,136,120,143,128,149,131,158,134,169,136,182,137,195,135,204,132,211,128,215,124,220,116,136,120,142,115,150,112,158,110,169,109,181,108,192,108,202,108,209,109,215,111,220,116,183,39,128,121,132,131,139,140,150,150,165,157,183,159,201,155,214,147,222,136,227,126,230,115,128,121,132,112,139,105,149,98,166,92,182,92,197,90,212,94,221,101,226,107,230,115,136,120,143,128,149,132,158,135,169,137,183,138,195,136,205,132,212,128,216,124,221,115,136,120,142,114,150,111,159,108,169,107,182,106,193,106,202,106,209,107,215,110,221,115,183,40,127,121,132,130,139,140,150,150,165,156,183,158,200,154,213,147,221,136,226,126,229,116,127,121,132,113,139,106,149,99,166,93,182,94,197,91,212,96,220,102,226,108,229,116,135,120,143,127,148,131,157,134,169,136,182,137,195,135,204,132,211,128,216,124,221,116,135,120,142,114,150,112,158,110,169,109,181,108,192,107,202,108,209,109,215,111,221,116,183,41,128,121,132,131,139,140,150,150,165,157,183,158,200,155,213,147,222,136,226,126,229,116,128,121,132,113,139,106,149,99,166,93,182,94,197,91,212,96,220,102,226,108,229,116,136,120,143,128,149,131,158,135,169,137,183,138,195,136,205,132,212,128,216,124,221,116,136,120,142,114,150,112,159,110,169,108,182,108,193,107,202,107,209,109,215,111,221,116,183,40,127,121,132,130,139,140,150,150,165,156,183,158,200,155,213,147,222,136,226,125,229,115,127,121,131,112,139,106,149,99,166,93,182,93,197,91,212,95,220,101,226,107,229,115,135,120,142,127,148,131,158,135,169,137,183,137,195,135,205,132,212,128,216,124,221,115,135,120,142,114,150,111,159,109,169,108,182,107,193,107,202,107,209,108,215,110,221,115,182,39,127,119,132,129,139,139,150,150,165,157,183,158,201,155,213,147,222,135,226,124,229,114,127,119,132,111,139,104,149,97,166,91,182,92,197,89,212,93,220,100,226,106,229,114,135,118,143,127,148,131,158,135,169,137,183,138,195,136,205,132,212,127,216,123,221,114,135,118,142,112,150,109,159,107,169,106,181,105,193,105,202,105,209,106,215,108,221,114,182,41,127,120,131,130,139,140,150,150,165,157,183,159,200,155,213,147,222,136,226,125,230,115,127,120,131,112,139,105,149,98,165,92,181,93,197,90,212,94,220,101,226,107,230,115,135,119,142,128,148,132,157,136,168,138,182,139,195,137,205,133,212,128,216,124,221,115,135,119,141,113,149,110,158,108,169,107,181,106,192,106,202,106,209,107,215,109,221,115,182,40,127,120,132,129,139,139,150,150,165,156,183,158,200,154,213,146,221,135,226,125,229,114,127,120,131,111,139,105,149,98,165,92,182,93,197,90,212,94,220,100,226,106,229,114,135,119,142,127,148,131,157,135,169,137,182,138,195,136,204,132,212,127,216,123,221,114,135,119,142,113,149,110,158,108,169,107,181,106,192,106,202,106,209,107,215,109,221,114,181,41,127,121,132,130,139,140,150,150,165,156,183,158,200,154,213,146,221,136,226,125,229,115,127,121,131,113,139,106,149,99,165,93,181,94,196,91,211,95,220,102,226,107,229,115,135,120,142,128,148,131,157,135,168,137,182,138,195,136,204,132,212,128,216,124,221,115,135,120,142,114,149,111,158,109,169,108,181,107,192,107,202,107,209,108,215,110,221,115,181,41,127,121,132,130,139,140,150,150,165,156,183,157,200,154,213,146,221,135,226,125,229,115,127,121,131,113,139,106,149,99,165,93,181,94,196,91,211,95,220,102,226,107,229,115,135,120,142,127,148,131,157,134,168,137,182,137,195,135,204,132,212,128,216,123,221,115,135,120,141,114,149,111,158,109,168,108,181,108,192,107,202,107,209,108,215,110,221,115,182,39,128,119,133,129,140,140,150,150,165,157,184,159,201,156,214,147,222,136,227,125,230,114,128,119,132,110,140,104,149,96,166,90,182,91,197,89,212,93,220,100,226,106,230,114,136,118,143,127,149,131,158,135,169,138,183,139,196,137,205,133,212,128,216,124,221,114,136,118,143,112,150,109,159,106,169,105,182,105,193,104,202,104,209,106,215,108,221,114,182,38,127,118,132,129,139,139,150,150,164,157,183,159,200,156,213,147,222,135,226,124,230,113,127,118,131,109,139,103,149,96,165,90,181,91,197,89,212,93,220,99,226,105,230,113,135,117,142,127,148,131,157,135,168,138,182,139,195,137,205,133,212,128,216,123,221,113,135,117,142,111,149,108,158,106,169,105,181,104,192,104,202,104,209,105,215,108,221,113,181,38,129,117,133,128,140,139,150,150,164,158,183,160,200,156,213,148,221,135,225,124,228,112,129,117,133,107,140,101,149,93,165,87,181,88,196,86,211,90,219,97,224,103,228,112,137,116,144,126,149,131,158,136,168,139,182,140,194,138,204,133,210,128,214,123,219,112,137,116,143,109,150,106,159,103,169,102,181,101,192,101,201,101,208,103,213,106,219,112,182,37,128,116,133,128,139,139,150,150,164,158,183,160,200,156,213,147,221,135,225,123,228,111,128,116,132,107,139,100,149,93,165,87,181,87,197,85,212,89,219,96,225,102,228,111,137,115,144,126,149,131,158,136,168,139,182,140,195,137,204,133,211,128,215,122,220,112,137,115,143,108,150,105,159,102,169,101,181,101,192,100,201,100,208,102,214,105,220,112,182,39,129,117,134,128,140,139,150,150,165,157,183,159,200,156,212,147,220,135,224,123,227,112,129,117,133,108,140,102,149,95,165,89,181,89,196,87,211,91,218,98,224,104,227,112,138,116,144,126,150,131,158,135,169,138,182,139,194,137,203,133,210,128,214,122,219,112,138,116,144,110,151,107,159,104,169,103,181,102,192,102,201,102,207,104,213,106,219,112,182,39,129,117,134,128,140,139,150,150,165,157,183,159,200,156,213,147,221,135,225,124,228,113,129,117,133,108,140,101,150,94,165,89,181,89,196,87,211,92,219,98,224,104,228,113,138,116,144,126,150,131,158,135,169,138,182,139,195,137,204,133,211,128,214,123,219,113,138,116,144,109,151,106,159,104,169,103,181,103,192,102,201,103,208,104,213,107,219,113,181,39,130,119,134,129,140,139,150,150,165,157,182,159,199,156,211,147,219,136,223,126,226,116,130,119,134,111,141,105,150,97,165,92,181,93,195,90,209,95,217,101,222,107,226,116,138,118,145,127,150,131,158,135,169,138,181,138,193,136,202,133,209,128,213,124,217,115,138,118,144,112,151,110,159,108,169,107,180,106,191,106,199,106,206,108,212,110,217,115,181,39,130,119,134,129,140,139,150,150,165,157,182,159,199,155,211,147,219,135,223,125,226,115,130,119,134,110,141,104,150,97,165,91,181,92,195,90,209,94,217,101,223,107,226,115,138,118,145,126,150,130,158,135,168,137,181,138,194,136,203,133,209,128,213,123,218,115,138,118,144,112,151,109,159,107,169,106,180,106,191,105,200,106,206,107,212,109,218,115,180,40,130,121,134,130,140,140,150,150,164,157,181,159,197,156,210,148,218,137,222,127,224,117,130,121,134,112,140,106,149,99,164,93,180,94,194,92,208,96,216,103,221,109,224,117,138,119,144,127,149,131,157,135,168,138,180,138,192,137,201,133,208,129,211,125,216,117,138,119,144,114,151,111,159,109,168,108,179,108,190,107,198,108,205,109,210,111,216,117,181,41,130,120,134,130,140,139,150,150,164,156,182,158,198,155,210,147,218,136,222,126,225,117,130,120,134,112,141,106,150,99,165,94,180,95,195,93,209,97,217,103,222,109,225,117,138,119,144,127,150,131,158,134,168,137,181,138,193,136,202,132,209,128,212,124,217,116,138,119,144,114,151,112,159,110,169,109,180,109,191,108,199,108,206,110,211,111,217,116,181,42,129,122,134,131,140,140,150,150,164,157,181,158,198,155,210,148,218,137,222,127,225,118,129,122,133,114,141,108,150,101,165,96,180,97,195,94,209,99,216,105,222,110,225,118,137,120,144,128,149,131,157,135,168,137,181,138,193,136,202,133,208,129,212,125,217,118,137,120,144,115,151,113,159,112,169,111,180,111,190,110,199,110,206,111,211,113,217,118,182,43,130,121,134,130,140,140,150,150,164,156,181,158,197,155,210,147,218,136,222,127,225,118,130,121,134,114,141,108,150,101,165,96,180,97,195,95,209,99,216,105,222,110,225,118,138,120,144,127,149,131,158,134,168,136,181,137,192,135,201,132,208,128,212,125,217,118,138,120,144,115,151,113,159,112,169,111,180,111,190,110,199,110,206,111,211,113,217,118,181,38,130,119,134,129,140,139,150,150,164,157,181,159,198,156,210,147,218,136,222,125,224,115,130,119,134,110,141,104,150,96,165,90,180,91,194,89,208,94,216,101,221,107,224,115,138,118,144,126,150,130,158,134,168,137,181,138,193,136,201,132,208,128,211,123,216,115,138,118,144,112,151,109,159,107,169,106,180,105,190,105,198,105,205,107,210,109,216,115,181,39,130,120,134,129,140,139,150,150,164,157,182,159,198,156,210,148,218,136,222,126,224,116,130,120,134,111,141,105,150,98,165,92,180,93,195,90,209,95,216,102,221,108,224,116,138,119,145,127,150,131,158,135,168,137,181,138,193,136,201,133,208,128,212,124,216,116,138,119,145,113,152,110,159,108,169,107,180,107,190,106,198,107,205,108,210,110,216,116,182,38,130,118,134,128,140,139,150,150,165,158,183,160,200,156,213,148,221,136,225,125,228,114,130,118,134,109,141,102,150,95,166,89,181,90,197,88,211,92,219,99,225,105,228,114,138,117,145,126,150,131,158,135,169,138,182,139,195,137,204,133,211,128,215,123,220,114,138,117,144,110,152,107,160,105,170,104,181,103,192,103,201,103,208,105,214,108,220,114,182,38,130,118,134,128,140,139,150,150,165,157,183,159,200,156,213,147,221,136,225,125,228,114,130,118,134,109,141,102,150,95,165,89,181,90,196,88,211,92,219,99,224,105,228,114,138,117,145,126,150,131,158,135,169,138,182,139,195,137,204,133,211,128,215,123,220,114,138,117,144,110,151,107,160,105,169,104,181,104,192,103,201,104,208,105,214,108,220,114,180,43,128,122,133,131,139,141,150,150,164,157,182,159,198,155,211,148,220,137,224,127,228,118,128,122,132,114,139,108,149,101,165,95,180,96,195,94,210,98,218,104,224,110,228,118,136,121,143,129,148,132,157,135,168,138,181,138,193,137,203,133,210,129,214,126,220,118,136,121,142,116,150,113,158,111,168,110,180,110,191,109,200,109,208,111,214,113,220,118,182,41,129,119,134,129,140,139,150,150,165,157,183,159,200,155,212,147,220,136,225,126,228,115,129,119,133,110,140,104,150,96,165,91,181,91,196,89,211,94,219,101,225,107,228,115,138,118,144,127,150,131,158,135,169,137,182,138,194,136,204,133,211,128,215,124,220,115,138,118,144,112,151,109,159,107,169,105,181,105,192,105,201,105,208,107,214,109,220,115,182,47,128,123,133,132,140,140,150,150,164,156,182,157,198,154,211,147,219,137,224,128,228,120,128,123,132,116,139,110,149,103,165,98,181,99,196,97,210,101,219,107,225,112,228,120,136,122,143,128,148,131,157,134,168,136,181,137,193,135,203,133,210,129,215,126,220,120,136,122,142,117,150,115,158,114,168,113,180,113,192,112,201,112,208,113,214,115,220,120,182,48,128,122,132,131,139,140,150,150,164,156,181,158,198,155,210,147,219,137,224,127,227,118,128,122,132,114,139,108,149,101,165,96,181,97,196,94,210,99,218,105,224,110,227,118,136,121,143,128,148,132,157,135,168,137,181,138,193,136,202,133,210,129,214,125,219,118,136,121,142,116,149,113,158,111,168,110,180,110,191,110,200,110,208,111,214,113,219,118,181,49,128,124,133,133,139,141,150,150,164,156,182,158,198,155,210,148,219,138,224,128,227,120,128,124,132,117,139,111,149,104,165,98,181,99,195,97,210,101,218,107,224,112,227,120,136,123,143,129,148,132,157,135,168,137,181,137,193,136,202,133,210,129,214,126,219,119,136,123,142,118,150,116,158,114,168,113,180,113,191,112,200,112,207,113,213,115,219,119,182,49,129,124,133,132,140,141,150,150,164,156,181,157,198,154,210,147,218,137,223,128,226,120,129,124,132,116,140,111,149,104,165,98,180,99,195,97,210,101,218,107,223,112,226,120,137,123,143,129,149,132,157,135,168,137,181,137,193,135,202,133,209,129,213,126,218,119,137,123,143,118,150,116,158,114,168,113,180,113,191,112,200,112,207,113,213,115,218,119,181,52,127,126,132,134,139,141,150,150,164,155,181,157,197,154,210,147,218,138,223,129,226,121,127,126,131,119,138,114,148,107,164,102,180,103,195,101,210,104,218,110,223,115,226,121,135,125,141,130,147,132,156,134,167,136,180,136,192,135,202,132,209,129,213,127,219,121,135,125,141,121,148,119,157,118,168,117,180,117,191,116,200,116,207,116,213,117,219,121,181,51,127,126,132,134,139,142,150,150,164,156,181,157,198,154,210,147,219,138,224,129,228,121,127,126,131,119,138,114,148,107,165,102,180,103,195,100,210,104,219,109,225,114,228,121,135,125,142,130,147,133,156,135,168,136,181,137,193,135,203,132,210,129,214,126,220,121,135,125,141,120,149,119,157,118,168,117,180,117,191,116,201,115,208,116,214,117,220,121,181,52,128,127,133,134,140,142,150,150,165,156,182,157,198,154,210,147,219,137,224,129,227,121,128,127,132,120,139,115,149,108,165,103,180,104,195,101,210,105,218,110,224,115,227,121,135,126,142,130,148,133,157,135,168,136,181,136,193,135,202,132,210,129,214,126,219,121,135,126,142,121,149,120,158,119,168,118,180,117,191,117,200,116,208,117,214,117,219,121,180,52,128,127,132,134,139,142,150,150,164,156,181,157,197,154,209,147,218,137,223,129,226,121,128,127,131,120,139,115,148,108,164,103,180,104,194,101,209,104,217,110,223,115,226,121,136,126,142,130,148,133,157,135,167,136,180,136,192,135,202,132,209,129,213,126,219,121,136,126,142,121,149,120,157,118,167,118,179,117,190,116,200,116,207,116,213,117,219,121,179,54,128,129,133,135,140,142,150,150,164,155,181,156,196,153,209,147,218,138,223,131,227,124,128,129,131,123,139,117,148,111,164,105,179,106,194,104,209,108,218,113,224,118,227,124,135,128,142,131,148,132,156,134,167,135,180,135,192,133,202,131,210,129,214,128,220,123,135,128,142,124,149,123,157,121,168,121,179,121,191,120,200,119,208,120,214,120,220,123
84,167,46,114,123,119,130,126,137,136,145,150,150,167,151,182,149,194,142,203,134,208,126,212,118,114,123,118,116,126,111,136,104,151,98,166,99,181,97,195,101,203,107,209,112,212,118,122,122,128,126,134,128,143,130,154,131,166,131,178,130,187,128,195,125,199,123,204,118,122,122,128,118,136,116,144,114,154,113,166,113,176,112,185,112,192,113,198,114,204,118,167,47,112,123,117,130,125,137,136,145,150,150,166,151,182,148,194,142,203,134,208,126,211,118,112,123,117,116,125,111,135,105,151,100,166,101,180,99,194,102,203,108,208,113,211,118,120,122,127,126,133,128,142,129,153,131,166,131,178,130,187,127,194,125,199,123,204,118,120,122,126,118,134,116,143,115,153,115,165,115,176,114,185,114,192,114,198,115,204,118,168,39,113,118,118,126,125,135,135,144,150,150,168,152,184,149,197,142,205,132,210,123,213,113,113,118,117,110,125,104,135,98,151,92,167,93,182,91,196,95,204,101,210,106,213,113,121,117,128,123,134,126,143,129,154,131,167,132,179,130,189,127,196,124,200,120,206,113,121,117,128,112,135,110,144,108,154,107,166,107,177,106,186,106,194,107,200,109,206,113,167,39,113,117,118,126,125,135,135,144,150,150,167,151,184,148,196,141,204,131,209,121,212,112,113,117,117,110,125,103,135,96,151,90,166,91,181,89,195,93,203,99,209,105,212,112,121,116,128,123,134,126,143,129,153,131,167,131,179,129,188,126,195,123,199,119,204,112,121,116,128,111,135,108,144,106,154,105,166,105,177,104,186,104,193,105,198,107,204,112,167,38,113,116,118,125,125,134,135,144,150,150,168,152,184,149,197,141,205,130,210,120,213,111,113,116,117,108,125,102,134,95,151,89,166,90,181,87,196,91,204,97,210,103,213,111,121,115,128,122,134,126,143,129,154,131,167,132,179,130,189,126,196,122,200,119,205,111,121,115,127,109,135,107,144,105,154,104,166,103,177,103,186,103,193,104,199,106,205,111,167,37,113,115,118,125,125,134,135,144,150,150,168,151,184,148,197,141,205,130,210,120,213,110,113,115,117,107,125,101,134,94,151,88,166,89,181,86,196,90,204,96,210,102,213,110,121,114,128,122,134,125,143,129,154,131,167,131,179,129,189,126,196,122,200,118,205,110,121,114,127,109,135,106,144,104,154,103,166,102,177,101,186,102,193,103,199,105,205,110,167,37,113,116,118,125,124,134,135,144,150,150,168,151,185,148,197,140,206,130,210,120,213,110,113,116,117,107,124,101,134,94,150,88,167,89,182,86,197,90,205,96,210,102,213,110,121,115,128,122,134,125,143,128,154,130,167,131,180,129,189,126,196,122,200,118,205,110,121,115,127,109,135,106,143,104,154,103,166,102,177,102,187,102,194,103,199,105,205,110,168,32,113,114,117,124,124,133,135,143,150,150,168,152,186,148,199,140,207,129,212,119,215,108,113,114,117,105,124,98,134,91,151,85,167,85,182,83,197,87,206,94,211,100,215,108,121,113,128,121,134,125,143,128,154,130,168,131,180,129,190,125,197,121,201,117,206,108,121,113,127,107,135,104,144,101,154,100,167,99,178,99,187,99,194,101,200,103,206,108,168,34,112,115,117,124,124,134,135,144,150,150,168,152,185,148,198,141,206,130,211,120,214,110,112,115,117,107,124,100,134,93,151,87,167,88,182,85,197,90,205,96,211,102,214,110,120,114,128,121,133,125,142,128,154,130,167,131,180,129,189,126,196,122,201,118,206,110,120,114,127,108,135,106,143,104,154,103,166,102,177,101,187,102,194,103,200,105,206,110,168,34,113,114,117,124,124,133,135,143,150,150,168,151,185,148,198,140,207,129,211,119,214,109,113,114,117,106,124,99,134,92,151,86,167,87,182,84,197,89,205,95,211,101,214,109,121,113,128,121,134,124,143,128,154,130,168,131,180,129,190,125,197,121,201,117,206,109,121,113,127,107,135,105,144,103,154,101,167,101,178,100,187,100,194,102,200,104,206,109,168,33,112,114,117,123,124,133,135,143,150,150,168,151,186,148,198,140,207,129,211,118,214,108,112,114,117,105,124,99,134,92,151,86,167,86,182,84,197,88,205,94,211,100,214,108,120,113,128,120,133,124,143,128,154,130,168,131,180,128,190,125,197,121,201,116,206,108,120,113,127,107,135,104,144,102,154,101,167,100,178,99,187,100,194,101,200,103,206,108,167,32,112,112,117,122,124,132,135,143,150,150,168,151,186,148,198,140,207,128,211,117,214,107,112,112,117,104,124,97,134,90,151,84,167,85,182,82,197,86,205,93,211,99,214,107,120,111,128,120,133,124,143,128,154,130,168,131,180,129,190,125,197,120,201,116,206,107,120,111,127,105,135,102,144,100,154,99,166,98,178,98,187,98,194,99,200,101,206,107,167,34,112,113,117,123,124,133,135,143,150,150,168,152,185,148,198,140,207,129,211,118,215,108,112,113,116,105,124,98,134,91,150,85,166,86,182,83,197,88,205,94,211,100,215,108,120,112,127,121,133,125,142,128,153,131,167,132,180,129,190,126,197,121,201,117,206,108,120,112,126,106,134,103,143,101,154,100,166,99,177,99,187,99,194,100,200,102,206,108,167,34,112,114,117,123,124,133,135,144,150,150,168,152,185,148,198,140,206,129,211,119,214,108,112,114,116,105,124,99,134,92,150,86,167,87,182,84,197,88,205,94,211,100,214,108,120,113,127,121,133,125,142,129,153,131,167,132,180,130,189,126,197,121,201,117,206,108,120,113,127,106,134,104,143,102,154,101,166,100,177,99,187,99,194,101,200,103,206,108,166,35,112,115,117,124,124,134,135,144,150,150,168,151,185,148,198,140,206,129,211,119,214,109,112,115,116,107,124,100,134,93,150,87,166,88,181,85,196,90,205,96,211,102,214,109,120,114,127,122,133,125,142,129,153,131,167,131,180,129,189,126,197,122,201,118,206,109,120,114,127,108,134,105,143,103,154,102,166,102,177,101,187,101,194,102,200,104,206,109,166,35,112,115,117,124,124,134,135,144,150,150,168,151,185,148,198,140,206,129,211,119,214,109,112,115,116,106,124,100,134,93,150,87,166,88,181,85,196,89,205,96,211,101,214,109,120,114,127,121,133,125,142,128,153,131,167,131,180,129,189,126,197,122,201,117,206,109,120,114,126,108,134,105,143,103,154,102,166,101,177,101,187,101,194,102,200,104,206,109,167,32,113,112,118,122,125,133,135,143,150,150,169,152,186,148,199,140,207,129,212,118,215,107,113,112,117,103,125,97,134,89,151,83,167,84,182,82,197,86,205,93,211,99,215,107,121,111,128,120,134,124,143,128,154,131,168,132,181,130,190,126,197,121,201,117,206,107,121,111,128,105,135,102,144,99,154,98,167,98,178,97,187,97,194,99,200,101,206,107,168,31,113,111,118,122,125,132,135,143,150,150,169,152,186,148,199,140,208,128,212,117,216,106,113,111,117,102,125,96,134,89,151,83,167,84,183,81,198,86,206,92,212,98,216,106,121,110,128,119,134,124,143,128,154,131,168,132,181,130,191,126,198,121,202,116,207,106,121,110,128,104,135,101,144,99,154,98,167,97,178,96,188,97,195,98,201,100,207,106,167,30,115,109,119,120,126,131,136,143,150,150,169,152,186,148,199,140,207,127,211,116,214,104,115,109,119,99,126,93,135,85,151,80,167,80,182,78,197,82,205,89,210,95,214,104,123,108,130,118,135,123,144,128,154,131,168,132,180,130,190,126,196,120,200,115,205,104,123,108,129,101,136,98,145,95,155,94,167,93,178,93,187,93,194,95,199,98,205,104,168,29,114,108,119,120,125,131,136,143,150,150,169,152,186,148,199,139,207,127,211,115,214,103,114,108,118,99,125,92,135,85,151,79,167,79,183,77,198,81,205,88,211,94,214,103,123,108,130,118,135,123,144,128,154,131,168,132,181,130,190,125,197,120,201,114,206,104,123,108,129,100,136,97,145,94,155,93,167,93,178,92,187,92,194,94,200,97,206,104,167,32,114,109,119,120,125,131,135,142,150,150,168,151,185,148,197,139,205,127,209,115,212,104,114,109,118,100,125,94,134,87,150,81,166,81,181,79,196,83,203,90,209,96,212,104,123,108,129,118,135,123,143,127,154,131,167,131,179,129,188,125,195,120,199,114,204,104,123,108,129,101,136,98,144,96,154,95,166,94,177,94,185,94,192,96,198,98,204,104,167,32,114,110,119,121,125,132,135,143,150,150,168,152,185,149,198,140,205,128,210,117,213,106,114,110,118,101,125,95,135,87,150,82,166,82,181,80,196,85,204,91,209,97,213,106,123,109,129,119,135,124,143,128,154,131,167,132,180,130,189,126,195,121,199,116,204,106,123,109,129,102,136,99,144,97,154,96,166,96,177,95,186,95,193,97,198,100,204,106,166,33,115,112,119,122,125,132,135,143,150,150,167,152,184,149,196,140,204,129,208,119,211,109,115,112,119,104,126,98,135,90,150,85,166,86,180,84,194,88,202,94,207,100,211,109,123,111,130,120,135,124,143,128,154,130,166,131,178,129,187,126,194,121,198,117,202,108,123,111,129,105,136,103,144,101,154,100,165,99,176,99,184,99,191,101,197,103,202,108,166,32,115,112,119,122,125,132,135,143,150,150,167,152,184,148,196,140,204,129,208,118,211,108,115,112,119,103,126,97,135,90,150,84,166,85,180,83,195,87,202,94,208,99,211,108,123,111,130,119,135,124,143,128,153,130,166,131,179,129,188,126,194,121,198,116,203,108,123,111,129,105,136,102,145,100,154,99,166,99,176,98,185,98,191,100,197,102,203,108,166,33,116,113,120,123,126,133,136,143,150,150,167,152,183,149,196,141,204,130,208,120,210,110,116,113,120,105,126,99,135,92,150,86,166,87,180,85,194,89,202,96,207,102,210,110,124,112,130,120,135,124,143,128,154,131,166,131,178,130,187,126,194,122,197,118,202,110,124,112,130,107,137,104,145,102,154,101,165,101,176,100,184,101,191,102,196,104,202,110,167,35,116,114,120,124,126,133,136,144,150,150,168,152,184,149,196,141,204,130,208,120,211,111,116,114,120,106,127,100,136,94,151,88,166,89,181,87,195,91,203,97,208,103,211,111,124,113,130,121,136,125,144,128,154,131,167,132,179,130,188,126,195,122,198,118,203,110,124,113,130,108,137,106,145,104,155,103,166,103,177,102,185,102,192,104,197,105,203,110,167,35,115,115,120,124,126,133,136,143,150,150,167,152,184,148,196,141,204,130,208,120,211,111,115,115,119,107,126,101,136,94,151,89,166,90,181,87,195,92,202,98,208,103,211,111,123,113,130,121,135,124,143,128,154,130,167,131,179,129,188,126,194,122,198,118,203,111,123,113,130,108,137,106,145,105,155,104,166,104,176,103,185,103,192,104,197,106,203,111,168,37,116,115,120,124,126,134,136,144,150,150,167,152,184,149,196,141,204,130,208,121,211,112,116,115,120,108,127,102,136,95,151,90,166,91,181,88,195,93,202,99,208,104,211,112,124,114,130,121,135,125,144,128,154,130,167,131,178,129,187,126,194,122,198,119,203,112,124,114,130,109,137,107,145,106,155,105,166,105,176,104,185,104,192,105,197,107,203,112,167,31,116,112,120,122,126,132,136,143,150,150,167,152,184,149,196,140,204,129,208,118,210,108,116,112,120,103,127,97,136,89,151,83,166,84,180,82,194,87,202,94,207,100,210,108,124,111,130,119,136,123,144,127,154,130,167,131,179,129,187,125,194,121,197,116,202,108,124,111,131,105,137,102,145,100,155,99,166,98,176,98,184,98,191,100,196,102,202,108,167,32,116,113,120,122,126,132,136,143,150,150,168,152,184,149,196,141,204,129,208,119,210,109,116,113,120,104,127,98,136,90,151,85,166,86,181,83,195,88,202,95,207,101,210,109,124,112,131,120,136,124,144,128,154,130,167,131,179,129,187,126,194,121,198,117,202,109,124,112,131,106,138,103,145,101,155,100,166,99,176,99,184,100,191,101,196,103,202,109,167,30,115,110,119,120,125,131,135,142,150,150,168,151,185,148,198,140,206,128,210,117,213,106,115,110,119,101,126,94,135,87,151,81,166,82,182,80,196,84,204,91,210,97,213,106,123,109,130,118,135,123,143,127,154,130,167,131,180,129,189,125,196,120,200,115,205,106,123,109,129,102,137,99,145,97,155,96,166,95,177,95,186,95,193,97,199,100,205,106,167,31,115,111,119,121,125,132,135,143,150,150,168,152,185,149,198,140,206,129,210,118,213,107,115,111,119,102,126,95,135,88,150,82,166,83,181,81,196,85,204,92,209,98,213,107,123,110,130,119,135,124,143,128,154,131,167,132,180,130,189,126,196,121,200,116,205,107,123,110,129,103,136,100,145,98,154,97,166,96,177,96,186,97,193,98,199,101,205,107,166,36,114,115,118,124,125,134,136,143,150,150,168,152,184,148,197,141,206,130,210,120,214,111,114,115,118,107,125,101,135,94,151,88,166,89,181,87,196,91,204,97,210,103,214,111,122,114,129,122,134,125,143,128,154,131,167,131,179,130,189,126,196,122,200,118,206,111,122,114,128,109,136,106,144,104,154,103,166,103,177,102,186,102,194,104,200,106,206,111,167,34,114,112,119,122,125,132,135,143,150,150,168,152,185,148,197,140,205,129,210,119,213,108,114,112,118,103,125,97,135,89,151,84,166,84,181,82,196,87,204,94,210,100,213,108,122,111,129,120,135,124,143,128,154,130,167,131,179,129,189,126,196,121,200,117,205,108,122,111,129,105,136,102,144,100,154,98,166,98,177,98,186,98,193,100,199,102,205,108,168,41,114,117,119,126,126,134,136,144,150,150,168,151,184,148,197,141,205,132,210,122,214,114,114,117,118,110,125,104,135,97,151,92,167,93,182,91,196,95,205,101,211,107,214,114,122,116,129,123,134,125,143,128,154,130,167,131,179,129,189,127,196,123,201,120,206,114,122,116,128,111,136,109,144,108,155,107,166,107,178,106,187,106,194,107,200,109,206,114,168,42,114,116,119,125,125,134,136,144,150,150,167,152,184,149,196,141,205,131,210,121,213,112,114,116,118,108,125,102,135,95,151,90,167,91,182,88,196,93,204,99,210,104,213,112,122,115,129,122,134,126,143,129,154,131,167,132,179,130,189,127,196,123,200,119,205,112,122,115,128,110,135,107,144,105,154,104,166,104,177,104,186,104,194,105,200,107,205,112,167,43,114,118,119,127,125,135,136,144,150,150,168,152,184,149,196,142,205,132,210,123,213,114,114,118,118,111,125,105,135,98,151,92,167,93,181,91,196,95,204,101,210,106,213,114,122,117,129,123,134,126,143,129,154,131,167,131,179,130,188,127,196,123,200,120,205,113,122,117,128,112,136,110,144,108,154,107,166,107,177,106,186,106,193,107,199,109,205,113,168,44,115,118,119,126,126,135,136,144,150,150,167,151,184,148,196,141,204,131,209,122,212,114,115,118,118,110,126,105,135,98,151,92,166,93,181,91,196,95,204,101,209,106,212,114,123,117,129,123,135,126,143,129,154,131,167,131,179,129,188,127,195,123,199,120,204,113,123,117,129,112,136,110,144,108,154,107,166,107,177,106,186,106,193,107,199,109,204,113,167,47,113,121,118,129,125,136,136,145,150,150,167,152,183,149,196,142,204,133,209,124,212,116,113,121,117,114,124,109,134,102,150,97,166,98,181,96,196,99,204,105,210,110,212,116,121,120,127,125,133,127,142,129,153,131,166,131,178,130,188,127,195,124,199,122,205,116,121,120,127,116,134,114,143,113,154,112,166,112,177,111,186,111,193,111,199,112,205,116,167,45,113,120,118,128,125,136,136,144,150,150,167,151,184,148,196,141,205,132,210,123,214,115,113,120,117,113,125,108,134,101,151,96,166,97,181,94,196,98,205,103,211,108,214,115,121,119,128,124,134,127,143,129,154,130,167,131,179,129,189,126,196,123,200,120,206,115,121,119,127,114,135,113,143,112,154,111,166,111,177,110,187,109,194,110,200,111,206,115,166,46,113,121,118,128,125,136,135,144,150,150,167,151,183,148,195,141,204,131,209,123,212,115,113,121,116,114,124,109,134,102,150,97,165,98,180,95,195,99,203,104,209,109,212,115,120,120,127,124,133,127,142,129,153,130,166,130,178,128,187,126,195,123,199,120,204,115,120,120,127,115,134,114,143,113,153,112,165,112,176,111,185,110,193,111,199,112,204,115,166,46,114,121,118,128,125,136,136,144,150,150,167,151,183,148,195,141,204,131,209,123,212,115,114,121,117,114,125,109,134,102,150,97,166,98,180,95,195,98,203,104,209,109,212,115,121,120,128,124,134,127,143,129,153,130,166,130,178,129,188,126,195,123,199,120,205,115,121,120,128,115,135,114,143,112,154,112,165,111,176,110,186,110,193,110,199,111,205,115,165,49,114,124,119,130,126,137,136,145,150,150,167,151,182,148,195,142,204,133,210,126,213,119,114,124,117,118,125,112,134,106,150,100,165,101,180,99,195,103,204,108,210,113,213,119,121,123,128,126,134,128,142,129,153,130,166,130,178,128,188,126,196,124,200,123,206,118,121,123,128,119,135,118,143,116,154,116,165,116,177,115,186,114,194,115,200,115,206,118
17,150,45,97,122,102,129,109,136,119,144,133,149,150,150,165,148,178,141,186,133,191,125,195,117,97,122,101,115,109,109,119,103,134,97,149,98,164,96,178,100,186,106,192,111,195,117,105,121,111,125,117,127,126,129,137,130,149,130,161,129,170,127,178,124,182,122,187,117,105,121,111,117,119,115,127,113,137,112,149,112,159,111,168,111,175,112,181,113,187,117,151,46,96,122,101,129,109,136,120,144,134,149,150,150,166,147,178,141,187,133,192,125,196,117,96,122,101,115,108,110,119,104,135,99,150,100,164,98,179,101,187,107,193,112,196,117,104,121,111,125,117,127,126,129,137,130,150,130,162,129,171,127,178,124,183,122,188,117,104,121,110,117,118,115,127,114,138,114,149,114,160,113,169,113,176,113,182,114,188,117,150,38,95,116,100,124,107,133,117,142,132,148,150,150,166,147,179,140,187,130,192,121,195,111,95,116,99,108,107,102,117,96,133,90,149,91,164,89,178,93,186,99,192,104,195,111,103,115,110,121,116,124,125,127,136,129,149,130,161,128,171,125,178,122,182,118,188,111,103,115,110,110,117,108,126,106,136,105,148,105,159,104,168,104,176,105,182,107,188,111,150,38,96,116,101,125,108,134,118,143,133,149,150,150,167,147,179,140,187,130,192,120,195,111,96,116,100,108,108,102,118,95,134,89,149,90,164,88,178,92,186,98,192,104,195,111,104,115,111,122,117,125,126,128,136,130,150,130,162,128,171,125,178,122,182,118,187,111,104,115,111,110,118,107,127,105,137,104,149,104,160,103,169,103,176,104,181,106,187,111,149,36,95,114,100,123,107,132,117,142,132,148,150,150,166,147,179,139,187,128,192,118,195,109,95,114,99,106,107,100,116,93,133,87,148,88,163,85,178,89,186,95,192,101,195,109,103,113,110,120,116,124,125,127,136,129,149,130,161,128,171,124,178,120,182,117,187,109,103,113,109,107,117,105,126,103,136,102,148,101,159,101,168,101,175,102,181,104,187,109,149,36,95,114,100,124,107,133,117,143,132,149,150,150,166,147,179,139,187,129,192,119,195,109,95,114,99,106,107,100,116,93,133,87,148,88,163,85,178,89,186,95,192,101,195,109,103,113,110,121,116,124,125,128,136,130,149,130,161,128,171,125,178,121,182,117,187,109,103,113,109,108,117,105,126,103,136,102,148,101,159,101,168,101,175,102,181,104,187,109,149,36,95,115,100,124,106,133,117,143,132,149,150,150,167,147,179,139,188,129,192,119,195,109,95,115,99,106,106,100,116,93,133,87,149,88,164,85,179,89,187,95,192,101,195,109,103,114,110,121,116,124,125,127,136,129,149,130,162,128,171,125,178,121,182,117,187,109,103,114,109,108,117,105,125,103,136,102,148,101,159,101,169,101,176,102,182,104,187,109,150,30,95,112,99,121,106,131,117,141,132,148,150,150,168,146,181,138,189,127,194,117,197,106,95,112,99,103,106,96,116,89,133,83,149,83,164,81,179,85,188,92,193,98,197,106,103,111,110,119,116,123,125,126,136,128,150,129,162,127,172,123,179,119,183,115,188,106,103,111,109,105,117,102,126,99,136,98,149,97,160,97,169,97,176,98,182,101,188,106,150,32,94,113,99,122,106,132,117,142,132,148,150,150,167,146,180,139,188,128,193,118,196,108,94,113,99,105,106,98,116,91,132,85,149,86,164,83,179,88,187,94,193,100,196,108,102,112,110,119,115,123,124,126,136,128,149,129,162,127,171,124,178,120,183,116,188,108,102,112,109,106,117,104,125,102,136,101,148,100,159,99,169,100,176,101,182,103,188,108,150,33,95,113,99,123,106,132,117,142,132,149,150,150,167,147,180,139,189,128,193,118,196,108,95,113,99,105,106,98,116,91,133,85,149,86,164,83,179,88,187,94,193,100,196,108,103,112,110,120,116,123,125,127,136,129,150,129,162,127,172,124,179,120,183,116,188,108,103,112,109,106,117,104,126,102,136,100,148,100,160,99,169,99,176,101,182,103,188,108,150,32,94,113,99,122,106,132,117,142,132,149,150,150,168,147,180,139,189,128,193,117,196,107,94,113,98,104,106,98,116,91,133,85,149,85,164,83,179,87,187,93,193,99,196,107,102,112,109,119,115,123,125,127,136,129,150,130,162,127,172,124,179,120,183,116,188,107,102,112,109,106,117,103,126,101,136,100,149,99,160,99,169,99,176,100,182,102,188,107,149,31,94,111,99,121,106,131,117,142,132,149,150,150,168,147,180,139,189,127,193,116,196,106,94,111,99,103,106,96,116,89,133,83,149,84,164,81,179,85,187,92,193,98,196,106,102,110,110,119,115,123,125,127,136,129,150,130,162,128,172,124,179,119,183,115,188,106,102,110,109,104,117,101,126,99,136,98,148,97,160,97,169,97,176,98,182,100,188,106,149,32,94,111,99,121,106,131,117,141,132,148,150,150,167,146,180,138,189,127,193,116,197,106,94,111,98,103,106,96,116,89,132,83,148,84,164,81,179,85,187,92,193,98,197,106,102,110,109,119,115,123,124,126,135,129,149,129,162,127,172,124,179,119,183,115,188,106,102,110,108,104,116,101,125,99,136,98,148,97,159,97,169,97,176,98,182,100,188,106,149,32,94,112,99,121,106,131,117,142,132,148,150,150,167,146,180,138,188,127,193,117,196,106,94,112,98,103,106,97,116,90,132,84,149,85,164,82,179,86,187,92,193,98,196,106,102,111,109,119,115,123,124,127,135,129,149,130,162,128,171,124,179,119,183,115,188,106,102,111,109,105,116,102,125,100,136,99,148,98,159,97,169,98,176,99,182,101,188,106,148,33,94,113,99,122,106,132,117,142,132,148,150,150,167,146,180,138,188,127,193,117,196,107,94,113,98,105,106,98,116,91,132,85,148,86,163,83,178,88,187,94,193,99,196,107,102,112,109,120,115,123,124,127,135,129,149,129,162,127,171,124,179,120,183,116,188,107,102,112,109,106,116,103,125,101,136,100,148,100,159,99,169,99,176,100,182,102,188,107,148,34,94,114,99,123,106,133,117,143,132,149,150,150,167,147,180,139,188,128,193,118,196,108,94,114,98,105,106,99,116,92,132,86,148,87,163,84,178,88,187,95,193,100,196,108,102,113,109,120,115,124,124,127,135,130,149,130,162,128,171,125,179,121,183,116,188,108,102,113,108,107,116,104,125,102,136,101,148,101,159,100,169,100,176,101,182,103,188,108,148,30,94,110,99,120,106,131,117,141,131,148,150,150,167,146,180,138,188,127,193,116,196,105,94,110,98,101,106,95,115,87,132,81,148,82,163,80,178,84,186,91,192,97,196,105,102,109,109,118,115,122,124,126,135,129,149,130,162,128,171,124,178,119,182,115,187,105,102,109,109,103,116,100,125,97,135,96,148,96,159,95,168,95,175,97,181,99,187,105,149,29,94,109,99,120,106,130,116,141,131,148,150,150,167,146,180,138,189,126,193,115,197,104,94,109,98,100,106,94,115,87,132,81,148,82,164,79,179,84,187,90,193,96,197,104,102,108,109,117,115,122,124,126,135,129,149,130,162,128,172,124,179,119,183,114,188,104,102,108,109,102,116,99,125,97,135,96,148,95,159,94,169,95,176,96,182,98,188,104,148,28,96,107,100,118,107,129,117,141,131,148,150,150,167,146,180,138,188,125,192,114,195,102,96,107,100,97,107,91,116,83,132,78,148,78,163,76,178,80,186,87,191,93,195,102,104,106,111,116,116,121,125,126,135,129,149,130,161,128,171,124,177,118,181,113,186,102,104,106,110,99,117,96,126,93,136,92,148,91,159,91,168,91,175,93,180,96,186,102,149,27,95,106,100,118,106,129,117,141,131,148,150,150,167,146,180,137,188,125,192,113,195,101,95,106,99,97,106,90,116,83,132,77,148,77,164,75,179,79,186,86,192,92,195,101,104,106,111,116,116,121,125,126,135,129,149,130,162,127,171,123,178,118,182,112,187,102,104,106,110,98,117,95,126,92,136,91,148,91,159,90,168,90,175,92,181,95,187,102,149,30,96,108,101,119,107,130,117,141,132,149,150,150,167,147,179,138,187,126,191,114,194,103,96,108,100,99,107,93,116,85,132,80,148,80,163,78,178,82,185,89,191,95,194,103,105,107,111,117,117,122,125,126,136,130,149,130,161,128,170,124,177,119,181,113,186,103,105,107,111,100,118,97,126,95,136,94,148,93,159,93,167,93,174,95,180,97,186,103,149,30,96,108,101,119,107,130,117,141,132,148,150,150,167,147,180,138,187,126,192,115,195,104,96,108,100,99,107,93,117,85,132,80,148,80,163,78,178,83,186,89,191,95,195,104,105,107,111,117,117,121,125,126,136,129,149,130,162,128,171,124,177,119,181,114,186,104,105,107,111,100,118,97,126,95,136,94,148,94,159,93,168,94,175,95,180,98,186,104,149,31,98,110,102,120,108,130,118,141,133,148,150,150,167,147,179,138,187,127,191,117,194,107,98,110,102,102,109,96,118,89,133,83,149,84,163,82,177,86,185,92,190,98,194,107,106,109,113,118,118,122,126,126,137,129,149,129,161,127,170,124,177,119,181,115,185,106,106,109,112,103,119,101,127,99,137,98,148,97,159,97,167,97,174,99,180,101,185,106,149,30,98,110,102,120,108,130,118,141,133,148,150,150,167,146,179,138,187,126,191,116,194,106,98,110,102,101,109,95,118,88,133,82,149,83,163,81,178,85,185,92,191,98,194,106,106,109,113,117,118,121,126,126,136,128,149,129,162,127,171,124,177,119,181,114,186,106,106,109,112,103,119,100,127,98,137,97,148,97,159,96,168,97,174,98,180,100,186,106,149,31,99,112,103,121,109,131,119,141,133,148,150,150,166,147,179,139,187,128,191,118,193,108,99,112,103,103,109,97,118,90,133,84,149,85,163,83,177,87,185,94,190,100,193,108,107,110,113,118,118,122,126,126,137,129,149,129,161,128,170,124,177,120,180,116,185,108,107,110,113,105,120,102,128,100,137,99,148,99,159,98,167,99,174,100,179,102,185,108,149,33,98,112,102,122,108,131,118,142,132,148,150,150,166,147,178,139,186,128,190,118,193,109,98,112,102,104,109,98,118,92,133,86,148,87,163,85,177,89,185,95,190,101,193,109,106,111,112,119,118,123,126,126,136,129,149,130,161,128,170,124,177,120,180,116,185,108,106,111,112,106,119,104,127,102,137,101,148,101,159,100,167,100,174,102,179,103,185,108,150,34,98,114,103,123,109,132,119,142,133,149,150,150,167,147,179,140,187,129,191,119,194,110,98,114,102,106,109,100,119,93,134,88,149,89,164,86,178,91,185,97,191,103,194,110,106,112,113,120,118,123,126,127,137,129,150,130,162,128,171,125,177,121,181,117,186,110,106,112,113,107,120,105,128,104,138,103,149,103,159,102,168,102,175,103,180,105,186,110,151,35,99,113,103,122,109,132,119,142,133,148,150,150,166,147,179,139,187,128,191,119,194,110,99,113,103,106,110,100,119,93,134,88,149,89,164,86,178,91,185,97,191,102,194,110,107,112,113,119,118,123,127,126,137,128,150,129,161,127,170,124,177,120,181,117,186,110,107,112,113,107,120,105,128,104,138,103,149,103,159,102,168,102,175,103,180,105,186,110,150,29,99,110,103,120,109,130,119,141,133,148,150,150,167,147,179,138,187,127,191,116,193,106,99,110,103,101,110,95,118,87,134,81,149,82,163,80,177,85,185,92,190,98,193,106,107,109,113,117,119,121,127,125,137,128,150,129,162,127,170,123,177,119,180,114,185,106,107,109,113,103,120,100,128,98,138,97,149,96,159,96,167,96,174,98,179,100,185,106,149,30,98,111,102,120,108,130,118,141,132,148,150,150,166,147,178,139,186,127,190,117,192,107,98,111,102,102,109,96,118,88,133,83,148,84,163,81,177,86,184,93,189,99,192,107,106,110,113,118,118,122,126,126,136,128,149,129,161,127,169,124,176,119,180,115,184,107,106,110,113,104,120,101,127,99,137,98,148,97,158,97,166,98,173,99,178,101,184,107,149,28,97,108,101,118,107,129,117,140,132,148,150,150,167,146,180,138,188,126,192,115,195,104,97,108,101,99,108,92,117,85,133,79,148,80,164,78,178,82,186,89,192,95,195,104,105,107,112,116,117,121,125,125,136,128,149,129,162,127,171,123,178,118,182,113,187,104,105,107,111,100,119,97,127,95,137,94,148,93,159,93,168,93,175,95,181,98,187,104,149,29,97,109,101,119,107,130,117,141,132,148,150,150,167,147,180,138,188,127,192,116,195,105,97,109,101,100,108,93,117,86,132,80,148,81,163,79,178,83,186,90,191,96,195,105,105,108,112,117,117,122,125,126,136,129,149,130,162,128,171,124,178,119,182,114,187,105,105,108,111,101,118,98,127,96,136,95,148,94,159,94,168,95,175,96,181,99,187,105,148,34,96,113,100,122,107,132,118,141,132,148,150,150,166,146,179,139,187,128,192,118,196,109,96,113,100,105,107,99,117,92,133,86,148,87,163,85,178,89,186,95,192,101,196,109,104,112,111,120,116,123,125,126,136,129,149,129,161,128,171,124,178,120,182,117,188,109,104,112,110,107,118,104,126,102,136,101,148,101,159,100,168,101,176,102,182,104,188,109,149,32,96,110,101,120,107,130,117,141,132,148,150,150,167,146,179,138,187,127,192,117,195,106,96,110,100,101,107,95,117,87,132,82,148,82,163,80,178,85,186,92,192,98,195,106,104,109,111,118,117,122,125,126,136,128,149,129,161,127,171,124,178,119,182,115,187,106,104,109,111,103,118,100,126,98,136,96,148,96,159,96,168,96,175,98,181,100,187,106,150,40,96,116,101,125,108,133,118,143,132,149,150,150,166,147,179,140,187,130,192,121,196,113,96,116,100,109,107,103,117,96,133,91,149,92,164,90,178,94,187,100,193,105,196,113,104,115,111,121,116,124,125,127,136,129,149,130,161,128,171,126,178,122,183,119,188,113,104,115,110,110,118,108,126,107,136,106,148,106,160,105,169,105,176,106,182,108,188,113,151,40,97,114,101,123,108,132,119,142,133,148,150,150,167,147,179,139,188,129,193,119,196,110,97,114,101,106,108,100,118,93,134,88,150,89,165,86,179,91,187,97,193,102,196,110,105,113,112,120,117,124,126,127,137,129,150,130,162,128,172,125,179,121,183,117,188,110,105,113,111,108,118,105,127,103,137,102,149,102,160,101,169,102,177,103,183,105,188,110,150,41,97,116,102,125,108,133,119,142,133,148,150,150,167,147,179,140,188,130,193,120,196,112,97,116,101,109,108,103,118,96,134,90,150,91,164,89,179,93,187,99,193,104,196,112,105,115,112,121,117,124,126,127,137,129,150,129,162,128,171,125,179,121,183,118,188,111,105,115,111,110,118,108,127,106,137,105,149,105,160,104,169,104,176,105,182,107,188,111,151,43,98,117,102,125,109,134,119,143,133,149,150,150,167,147,179,140,187,130,192,121,195,113,98,117,101,109,109,103,118,97,134,91,149,92,164,90,179,94,187,100,192,105,195,113,106,116,112,122,118,125,126,128,137,130,150,130,162,128,171,126,178,122,182,119,187,112,106,116,112,111,119,109,127,107,137,106,149,106,160,105,169,105,176,106,182,108,187,112,150,45,96,119,101,127,108,134,119,143,133,148,150,150,166,147,179,140,187,131,192,122,195,114,96,119,100,112,107,107,117,100,133,95,149,96,164,94,179,97,187,103,192,108,195,114,103,118,110,123,116,125,125,127,136,129,149,129,161,128,171,125,178,122,182,120,188,114,103,118,110,114,117,112,126,111,137,110,149,110,160,109,169,109,176,109,182,110,188,114,150,44,96,119,101,127,108,135,119,143,133,149,150,150,167,147,179,140,188,131,193,122,197,114,96,119,100,112,107,107,117,100,134,95,149,96,164,93,179,97,188,102,194,107,197,114,104,118,111,123,117,126,126,128,137,129,150,130,162,128,172,125,179,122,183,119,189,114,104,118,110,113,118,112,126,111,137,110,149,110,160,109,170,108,177,109,183,110,189,114,149,45,96,120,101,127,108,135,118,143,133,149,150,150,166,147,178,140,187,130,192,122,195,114,96,120,99,113,107,108,117,101,133,96,148,97,163,94,178,98,186,103,192,108,195,114,103,119,110,123,116,126,125,127,136,129,149,129,161,127,170,125,178,122,182,119,187,114,103,119,110,115,117,113,126,112,136,111,148,111,159,110,168,109,176,110,182,111,187,114,149,45,97,120,102,127,108,135,119,143,133,149,150,150,166,147,178,140,187,130,192,122,195,114,97,120,101,113,108,108,117,101,133,96,149,97,163,94,178,97,186,103,192,108,195,114,105,119,111,123,117,126,126,128,136,129,149,129,161,127,171,125,178,122,182,119,188,114,105,119,111,114,118,113,126,111,137,111,148,110,159,109,169,109,176,109,182,110,188,114,148,48,97,123,102,129,109,136,119,144,133,149,150,150,165,147,178,141,187,132,193,125,196,118,97,123,100,117,108,111,117,105,133,99,148,100,163,98,178,102,187,107,193,112,196,118,104,122,111,125,117,127,125,128,136,129,149,129,161,127,171,125,179,123,183,122,189,117,104,122,111,118,118,117,126,115,137,115,148,115,160,114,169,113,177,114,183,114,189,117
314,135,47,82,124,87,131,94,138,104,146,118,151,135,152,150,150,162,143,171,135,176,127,180,119,82,124,86,117,94,112,104,105,119,99,134,100,149,98,163,102,171,108,177,113,180,119,90,123,96,127,102,129,111,131,122,132,134,132,146,131,155,129,163,126,167,124,172,119,90,123,96,119,104,117,112,115,122,114,134,114,144,113,153,113,160,114,166,115,172,119,135,49,80,125,85,132,93,139,104,147,118,152,134,153,150,150,162,144,171,136,176,128,179,120,80,125,85,118,92,113,103,107,119,102,134,103,148,101,162,104,171,110,176,114,179,120,88,124,95,128,101,130,110,131,121,133,134,133,146,132,155,129,162,127,167,125,172,120,88,124,94,120,102,118,111,117,121,117,133,117,144,116,153,116,160,116,166,117,172,120,134,41,79,119,84,127,91,136,101,145,116,152,134,153,150,150,163,143,171,133,176,124,179,115,79,119,83,111,91,105,101,99,117,93,133,94,148,92,162,96,170,102,176,107,179,115,87,118,94,124,100,127,109,130,120,132,133,133,145,131,155,128,162,125,166,121,172,114,87,118,94,113,101,111,110,109,120,108,132,108,143,107,152,107,160,108,166,110,172,114,133,41,79,119,84,128,91,137,101,146,116,152,133,153,150,150,162,143,170,133,175,123,178,114,79,119,83,112,91,105,101,98,117,92,132,93,147,91,161,95,169,101,175,107,178,114,87,118,94,125,100,128,109,131,119,133,133,133,145,131,154,128,161,125,165,121,170,114,87,118,94,113,101,110,110,109,120,107,132,107,143,106,151,106,158,107,164,109,170,114,133,39,79,117,84,126,91,135,101,145,116,151,134,153,150,150,163,142,171,131,176,121,179,112,79,117,83,109,91,103,100,96,117,90,132,91,147,88,162,92,170,98,176,104,179,112,87,116,94,123,100,127,109,130,120,132,133,133,145,131,155,127,162,123,166,120,171,112,87,116,93,110,101,108,110,106,120,105,132,104,143,104,152,104,159,105,165,107,171,112,133,39,79,117,84,127,91,136,101,146,116,152,134,154,150,150,163,143,171,132,176,122,179,112,79,117,83,109,91,103,100,96,117,90,132,91,147,88,162,92,170,98,176,104,179,112,87,116,94,124,100,127,109,131,120,133,133,133,145,131,155,128,162,124,166,120,171,112,87,116,93,111,101,108,110,106,120,105,132,104,143,104,152,104,159,105,165,107,171,112,132,39,78,118,82,127,89,136,100,146,115,152,133,153,150,150,162,142,171,132,175,122,178,112,78,118,82,109,89,103,99,96,115,90,132,91,147,88,162,92,170,98,175,104,178,112,86,117,93,124,99,127,108,130,119,132,132,133,145,131,154,128,161,124,165,120,170,112,86,117,92,111,100,108,108,106,119,105,131,104,142,104,152,104,159,105,165,107,170,112,132,34,77,116,81,126,88,135,99,145,114,152,132,154,150,150,163,142,171,131,176,121,179,110,77,116,81,107,88,100,98,93,115,87,131,87,146,85,161,89,170,96,175,102,179,110,85,115,92,123,98,127,107,130,118,132,132,133,144,131,154,127,161,123,165,119,170,110,85,115,92,109,99,106,108,103,118,102,131,101,142,101,151,101,158,102,164,105,170,110,133,36,77,117,82,126,89,136,100,146,115,152,133,153,150,150,163,142,171,132,176,122,179,112,77,117,81,109,89,102,99,95,115,89,132,90,147,87,162,92,170,98,176,104,179,112,85,116,93,123,98,127,107,130,119,132,132,133,145,131,154,128,161,124,166,120,171,112,85,116,92,110,100,108,108,106,119,105,131,104,142,103,152,104,159,105,165,107,171,112,133,36,78,116,82,126,89,135,100,145,115,152,133,153,150,150,163,142,172,131,176,121,179,111,78,116,82,108,89,101,99,94,116,88,132,89,147,86,162,91,170,97,176,103,179,111,86,115,93,123,99,126,108,130,119,132,133,133,145,131,155,127,162,123,166,119,171,111,86,115,92,109,100,107,109,105,119,103,131,103,143,102,152,102,159,104,165,106,171,111,133,35,77,116,82,125,89,135,100,145,115,151,133,153,150,150,163,142,172,131,176,120,179,110,77,116,81,107,89,101,99,94,116,88,132,88,147,86,162,90,170,96,176,102,179,110,85,115,92,122,98,126,108,130,119,132,133,132,145,130,155,127,162,123,166,119,171,110,85,115,92,109,100,106,109,104,119,103,131,102,143,102,152,102,159,103,165,105,171,110,131,34,76,114,81,124,88,134,99,145,114,152,132,153,150,150,162,142,171,130,175,119,178,109,76,114,81,106,88,99,98,92,115,86,131,87,146,84,161,88,169,95,175,101,178,109,84,113,92,122,97,126,107,130,118,132,132,133,144,131,154,127,161,122,165,118,170,109,84,113,91,107,99,104,108,102,118,101,130,100,142,100,151,100,158,101,164,103,170,109,132,36,77,115,82,125,89,135,100,145,115,152,133,154,150,150,163,142,172,131,176,120,180,110,77,115,81,107,89,100,99,93,115,87,131,88,147,85,162,90,170,96,176,102,180,110,85,114,92,123,98,127,107,131,118,133,132,134,145,132,155,128,162,123,166,119,171,110,85,114,92,108,99,105,108,103,119,102,131,101,142,101,152,101,159,102,165,104,171,110,132,36,77,116,82,125,89,135,100,146,115,152,133,154,150,150,163,142,171,131,176,121,179,110,77,116,81,107,89,101,99,94,115,88,132,89,147,86,162,90,170,96,176,102,179,110,85,115,92,123,98,127,107,131,119,133,132,134,145,132,154,128,162,123,166,119,171,110,85,115,92,109,99,106,108,104,119,103,131,102,142,101,152,102,159,103,165,105,171,110,131,37,77,117,82,126,89,136,100,146,115,152,133,154,150,150,163,142,171,132,176,121,179,111,77,117,81,109,89,102,99,95,115,89,131,90,146,87,161,91,170,98,176,103,179,111,85,116,92,124,98,127,107,131,118,133,132,134,145,131,154,128,162,124,166,120,171,111,85,116,92,110,99,107,108,105,119,104,131,103,142,103,152,103,159,104,165,106,171,111,131,37,77,117,82,126,89,136,100,146,115,152,133,153,150,150,163,142,171,131,176,121,179,111,77,117,81,109,89,102,99,95,115,89,131,90,146,87,161,91,170,98,176,103,179,111,85,116,92,123,98,127,107,130,118,133,132,133,145,131,154,128,162,124,166,119,171,111,85,116,91,110,99,107,108,105,119,104,131,104,142,103,152,103,159,104,165,106,171,111,131,33,77,113,82,123,89,134,99,144,114,151,133,153,150,150,163,141,171,130,176,119,179,108,77,113,81,104,89,98,98,90,115,85,131,85,146,83,161,87,169,94,175,100,179,108,85,112,92,121,98,125,107,129,118,132,132,133,145,131,154,127,161,122,165,118,170,109,85,112,92,106,99,103,108,100,118,99,131,99,142,98,151,99,158,100,164,103,170,109,132,32,77,112,82,123,89,133,100,144,114,151,133,153,150,150,163,141,172,129,176,118,180,107,77,112,81,103,89,97,99,90,115,84,131,85,147,83,162,87,170,93,176,99,180,107,85,111,92,121,98,125,107,129,118,132,132,133,145,131,155,127,162,122,166,117,171,107,85,111,92,105,99,102,108,100,119,99,131,98,142,98,152,98,159,99,165,102,171,107,131,32,79,111,83,122,90,133,100,145,114,152,132,154,150,150,163,142,171,129,175,118,178,106,79,111,83,101,90,95,99,87,115,81,131,82,146,80,161,84,169,91,174,97,178,106,87,110,94,120,99,125,108,130,118,133,132,134,144,132,154,128,160,122,164,117,169,106,87,110,93,103,100,100,109,97,119,96,131,95,142,95,151,95,158,97,163,100,169,106,132,31,78,110,83,122,89,133,100,145,114,152,133,154,150,150,163,141,171,129,175,117,178,105,78,110,82,101,89,94,99,87,115,81,131,81,147,79,162,83,169,90,175,96,178,105,87,110,94,120,99,125,108,130,119,133,132,134,145,131,154,127,161,122,165,116,170,106,87,110,93,102,100,99,109,96,119,95,131,95,142,94,151,94,158,96,164,99,170,106,132,33,79,111,84,122,90,133,100,144,115,152,133,153,150,150,162,141,170,129,174,117,177,106,79,111,83,102,90,96,99,88,115,83,131,83,146,81,161,85,168,92,174,98,177,106,88,110,94,120,100,125,108,129,119,132,132,133,144,131,153,127,160,122,164,116,169,106,88,110,94,103,101,100,109,98,119,97,131,96,142,96,151,96,157,98,163,100,169,106,132,33,79,111,84,122,90,133,100,144,115,151,133,153,150,150,163,141,170,129,175,118,178,107,79,111,83,102,90,95,100,88,115,83,131,83,146,81,161,86,169,92,174,98,178,107,88,110,94,120,100,124,108,129,119,132,132,133,145,131,154,127,160,122,164,117,169,107,88,110,94,103,101,100,109,98,119,97,131,97,142,96,151,96,158,98,163,101,169,107,132,33,81,113,85,123,91,133,101,144,116,151,133,153,150,150,162,141,170,130,174,120,177,110,81,113,85,105,92,99,101,91,116,86,132,87,146,85,160,89,168,95,173,101,177,110,89,112,96,121,101,125,109,129,120,132,132,132,144,130,153,127,160,122,164,118,168,109,89,112,95,106,102,104,110,102,120,101,131,100,142,100,150,100,157,102,163,104,168,109,132,34,81,114,85,124,91,134,101,145,116,152,133,154,150,150,162,142,170,130,174,120,177,110,81,114,85,105,92,99,101,92,116,86,132,87,146,85,161,89,168,96,174,101,177,110,89,113,95,121,101,125,109,130,119,132,132,133,145,131,154,127,160,123,164,118,169,110,89,113,95,107,102,104,110,102,120,101,131,101,142,100,151,100,157,102,163,104,169,110,133,34,83,115,87,124,93,134,103,144,117,151,134,153,150,150,163,142,171,131,175,121,177,111,83,115,87,106,93,100,102,93,117,87,133,88,147,86,161,90,169,97,174,103,177,111,91,113,97,121,102,125,110,129,121,132,133,132,145,131,154,127,161,123,165,119,169,111,91,113,97,108,104,105,112,103,121,102,132,102,143,101,151,102,158,103,163,105,169,111,133,36,82,115,86,125,92,134,102,145,116,151,134,153,150,150,162,142,170,131,174,121,177,112,82,115,86,107,93,101,102,95,117,89,132,90,147,88,161,92,169,98,174,104,177,112,90,114,96,122,102,126,110,129,120,132,133,133,145,131,154,127,161,123,164,119,169,111,90,114,96,109,103,107,111,105,121,104,132,104,143,103,151,103,158,105,163,106,169,111,134,37,82,117,87,126,93,135,103,145,117,152,134,153,150,150,163,143,171,132,175,122,178,113,82,117,86,109,93,103,103,96,118,91,133,92,148,89,162,94,169,100,175,105,178,113,90,115,97,123,102,126,110,130,121,132,134,133,145,131,154,128,161,124,165,120,170,113,90,115,97,110,104,108,112,107,122,106,133,106,143,105,152,105,159,106,164,108,170,113,134,38,82,116,86,125,92,135,102,145,116,151,133,153,150,150,162,142,170,132,174,122,177,113,82,116,86,109,93,103,102,96,117,91,132,92,147,89,161,94,168,100,174,105,177,113,90,115,96,122,101,126,110,129,120,132,133,132,144,130,153,127,160,123,164,120,169,113,90,115,96,110,103,108,111,107,121,106,132,106,142,105,151,105,158,106,163,108,169,113,133,32,82,113,86,123,92,133,102,144,116,151,133,153,150,150,162,141,170,130,174,119,176,109,82,113,86,104,93,98,101,90,117,84,132,85,146,83,160,88,168,95,173,101,176,109,90,112,96,120,102,124,110,128,120,131,133,132,145,130,153,126,160,122,163,117,168,109,90,112,96,106,103,103,111,101,121,100,132,99,142,99,150,99,157,101,162,103,168,109,133,33,82,114,86,123,92,133,102,144,116,151,134,153,150,150,162,142,170,130,174,120,176,110,82,114,86,105,93,99,102,91,117,86,132,87,147,84,161,89,168,96,173,102,176,110,90,113,97,121,102,125,110,129,120,131,133,132,145,130,153,127,160,122,164,118,168,110,90,113,97,107,104,104,111,102,121,101,132,100,142,100,150,101,157,102,162,104,168,110,132,32,80,112,84,122,90,133,100,144,115,152,133,154,150,150,163,142,171,130,175,119,178,108,80,112,84,103,91,96,100,89,116,83,131,84,147,82,161,86,169,93,175,99,178,108,88,111,95,120,100,125,108,129,119,132,132,133,145,131,154,127,161,122,165,117,170,108,88,111,94,104,102,101,110,99,120,98,131,97,142,97,151,97,158,99,164,102,170,108,132,32,80,112,84,122,90,133,100,144,115,151,133,153,150,150,163,141,171,130,175,119,178,108,80,112,84,103,91,96,100,89,115,83,131,84,146,82,161,86,169,93,174,99,178,108,88,111,95,120,100,125,108,129,119,132,132,133,145,131,154,127,161,122,165,117,170,108,88,111,94,104,101,101,110,99,119,98,131,98,142,97,151,98,158,99,164,102,170,108,132,37,80,116,84,125,91,135,102,145,116,151,134,153,150,150,163,142,171,131,176,121,180,112,80,116,84,108,91,102,101,95,117,89,132,90,147,88,162,92,170,98,176,104,180,112,88,115,95,123,100,126,109,129,120,132,133,132,145,131,155,127,162,123,166,120,172,112,88,115,94,110,102,107,110,105,120,104,132,104,143,103,152,103,160,105,166,107,172,112,132,36,79,114,84,124,90,134,100,145,115,152,133,154,150,150,162,142,170,131,175,121,178,110,79,114,83,105,90,99,100,91,115,86,131,86,146,84,161,89,169,96,175,102,178,110,87,113,94,122,100,126,108,130,119,133,132,133,144,131,154,128,161,123,165,119,170,110,87,113,94,107,101,104,109,102,119,100,131,100,142,100,151,100,158,102,164,104,170,110,134,43,80,119,85,128,92,136,102,146,116,152,134,153,150,150,163,143,171,134,176,125,180,116,80,119,84,112,91,106,101,99,117,94,133,95,148,93,162,97,171,103,177,109,180,116,88,118,95,125,100,128,109,130,120,132,133,133,145,131,155,129,162,125,167,122,172,116,88,118,94,113,102,111,110,110,121,109,132,109,144,108,153,108,160,109,166,111,172,116,134,43,80,117,85,126,91,135,102,145,116,151,133,153,150,150,162,142,171,132,176,122,179,113,80,117,84,109,91,103,101,96,117,91,133,92,148,89,162,94,170,100,176,105,179,113,88,116,95,123,100,127,109,130,120,132,133,133,145,131,155,128,162,124,166,120,171,113,88,116,94,111,101,108,110,106,120,105,132,105,143,105,152,105,160,106,166,108,171,113,133,44,80,119,85,128,92,136,102,145,116,151,134,153,150,150,162,143,171,133,176,123,179,115,80,119,84,112,91,106,101,99,117,93,133,94,147,92,162,96,170,102,176,107,179,115,88,118,95,124,100,127,109,130,120,132,133,132,145,131,154,128,162,124,166,121,171,114,88,118,94,113,102,111,110,109,120,108,132,108,143,107,152,107,159,108,165,110,171,114,134,46,81,120,85,128,92,137,102,146,116,152,133,153,150,150,162,143,170,133,175,124,178,116,81,120,84,112,92,106,101,100,117,94,132,95,147,93,162,97,170,103,175,108,178,116,89,119,95,125,101,128,109,131,120,133,133,133,145,131,154,129,161,125,165,122,170,115,89,119,95,114,102,112,110,110,120,109,132,109,143,108,152,108,159,109,165,111,170,115,134,48,80,122,85,130,92,137,103,146,117,151,134,153,150,150,163,143,171,134,176,125,179,117,80,122,84,115,91,110,101,103,117,98,133,99,148,97,163,100,171,106,176,111,179,117,87,121,94,126,100,128,109,130,120,132,133,132,145,131,155,128,162,125,166,123,172,117,87,121,94,117,101,115,110,114,121,113,133,113,144,112,153,112,160,112,166,113,172,117,133,47,79,122,84,130,91,138,102,146,116,152,134,153,150,150,162,143,171,134,176,125,180,117,79,122,83,115,90,110,100,103,117,98,132,99,147,96,162,100,171,105,177,110,180,117,87,121,94,126,100,129,109,131,120,132,133,133,145,131,155,128,162,125,166,122,172,117,87,121,93,116,101,115,109,114,120,113,132,113,143,112,153,111,160,112,166,113,172,117,133,48,80,123,85,130,92,138,102,146,117,152,134,153,150,150,162,143,171,133,176,125,179,117,80,123,84,116,91,111,101,104,117,99,132,100,147,97,162,101,170,106,176,111,179,117,87,122,94,126,100,129,109,131,120,132,133,132,145,130,154,128,162,125,166,122,171,117,87,122,94,118,101,116,110,115,120,114,132,114,143,113,152,112,160,113,166,114,171,117,133,48,81,123,86,130,92,138,103,146,117,152,134,153,150,150,162,143,171,133,176,125,179,117,81,123,85,116,92,111,101,104,117,99,133,100,147,97,162,100,170,106,176,111,179,117,89,122,95,126,101,129,110,131,120,132,133,132,145,130,155,128,162,125,166,122,172,117,89,122,95,117,102,116,110,115,121,114,132,113,143,113,153,112,160,112,166,113,172,117,133,51,82,126,87,132,94,139,104,147,118,152,135,153,150,150,163,144,172,135,178,128,181,121,82,126,86,120,93,114,102,108,118,102,133,103,148,101,163,105,172,110,178,115,181,121,89,125,96,128,102,130,110,131,121,132,134,132,146,130,156,128,164,126,168,125,174,120,89,125,96,121,103,120,112,118,122,118,133,118,145,117,154,116,162,117,168,117,174,120
405,123,54,70,131,75,138,82,145,92,153,106,158,123,159,138,157,150,150,159,142,164,134,168,126,70,131,74,124,82,119,92,112,107,106,122,107,137,105,151,109,159,115,165,120,168,126,78,130,84,134,90,136,99,138,110,139,122,139,134,138,143,136,151,133,155,131,160,126,78,130,84,126,92,124,100,122,110,121,122,121,132,120,141,120,148,121,154,122,160,126,123,55,68,131,73,138,81,145,92,153,106,158,122,159,138,156,150,150,159,142,164,134,168,126,68,131,73,124,80,119,91,113,107,108,122,109,136,107,150,110,159,116,164,121,168,126,76,130,83,134,89,136,98,137,109,139,122,139,134,138,143,135,150,133,155,131,160,126,76,130,82,126,90,124,99,123,109,123,121,123,132,122,141,122,148,122,154,123,160,126,121,48,66,126,71,134,78,143,88,152,103,158,121,160,137,157,150,150,158,140,163,131,166,121,66,126,70,118,78,112,88,106,104,100,120,101,135,99,149,103,157,109,163,114,166,121,74,125,81,131,87,134,96,137,107,139,120,140,132,138,142,135,149,132,153,128,159,121,74,125,81,120,88,118,97,116,107,115,119,115,130,114,139,114,147,115,153,117,159,121,121,48,67,126,72,135,79,144,89,153,104,159,121,160,138,157,150,150,158,140,163,130,166,121,67,126,71,118,79,112,89,105,105,99,120,100,135,98,149,102,157,108,163,114,166,121,75,125,82,132,88,135,97,138,107,140,121,140,133,138,142,135,149,132,153,128,158,121,75,125,82,120,89,117,98,115,108,114,120,114,131,113,140,113,147,114,152,116,158,121,120,47,66,125,71,134,78,143,88,153,103,159,121,161,137,158,150,150,158,139,163,129,166,120,66,125,70,117,78,111,87,104,104,98,119,99,134,96,149,100,157,106,163,112,166,120,74,124,81,131,87,135,96,138,107,140,120,141,132,139,142,135,149,131,153,128,158,120,74,124,80,118,88,116,97,114,107,113,119,112,130,112,139,112,146,113,152,115,158,120,120,47,66,125,71,135,78,144,88,154,103,160,121,161,137,158,150,150,158,140,163,130,166,120,66,125,70,117,78,111,87,104,104,98,119,99,134,96,149,100,157,106,163,112,166,120,74,124,81,132,87,135,96,139,107,141,120,141,132,139,142,136,149,132,153,128,158,120,74,124,80,119,88,116,97,114,107,113,119,112,130,112,139,112,146,113,152,115,158,120,120,47,66,126,70,135,77,144,88,154,103,160,121,161,138,158,150,150,159,140,163,130,166,120,66,126,70,117,77,111,87,104,104,98,120,98,135,96,150,100,158,106,163,112,166,120,74,125,81,132,87,135,96,138,107,141,120,141,133,139,142,136,149,132,153,128,158,120,74,125,80,119,88,116,96,114,107,113,119,112,130,112,140,112,147,113,153,115,158,120,119,42,64,124,68,133,75,143,86,153,101,160,119,162,137,158,150,150,158,139,163,129,166,118,64,124,68,115,75,108,85,101,102,95,118,95,133,93,148,97,157,104,162,110,166,118,72,123,79,131,85,134,94,138,105,140,119,141,131,139,141,135,148,131,152,127,157,118,72,123,78,117,86,114,95,111,105,110,118,109,129,109,138,109,145,110,151,113,157,118,120,43,64,124,69,133,76,143,87,153,102,159,120,161,137,157,150,150,158,139,163,129,166,119,64,124,69,116,76,109,86,102,103,96,119,97,134,94,149,99,157,105,163,111,166,119,72,123,80,130,85,134,94,137,106,139,119,140,132,138,141,135,148,131,153,127,158,119,72,123,79,117,87,115,95,113,106,112,118,111,129,110,139,111,146,112,152,114,158,119,120,44,65,124,69,134,76,143,87,153,102,160,120,161,137,158,150,150,159,139,163,129,166,119,65,124,69,116,76,109,86,102,103,96,119,97,134,94,149,99,157,105,163,111,166,119,73,123,80,131,86,134,95,138,106,140,120,141,132,139,142,135,149,131,153,127,158,119,73,123,79,117,87,115,96,113,106,111,119,111,130,110,139,110,146,112,152,114,158,119,120,43,64,124,69,133,76,143,87,153,102,159,120,161,137,158,150,150,159,139,163,128,166,118,64,124,68,115,76,109,86,102,103,96,119,96,134,94,149,98,157,104,163,110,166,118,72,123,79,130,85,134,95,138,106,140,120,140,132,138,142,135,149,131,153,127,158,118,72,123,79,117,87,114,96,112,106,111,119,110,130,110,139,110,146,111,152,113,158,118,119,42,64,122,69,132,76,142,87,153,102,160,120,161,138,158,150,150,159,138,163,127,166,117,64,122,68,114,76,107,86,100,102,94,119,95,134,92,149,96,157,103,163,109,166,117,72,121,79,130,85,134,94,138,106,140,120,141,132,139,142,135,149,130,153,126,158,117,72,121,79,115,87,112,96,110,106,109,118,108,130,108,139,108,146,109,152,111,158,117,119,44,64,123,69,133,76,143,87,153,102,160,120,162,137,158,150,150,159,139,163,128,166,118,64,123,68,115,76,108,86,101,102,95,118,96,134,93,149,98,157,104,163,110,166,118,72,122,79,131,85,135,94,139,105,141,119,142,132,140,142,136,149,131,153,127,158,118,72,122,79,116,86,113,95,111,106,110,118,109,129,109,139,109,146,110,152,112,158,118,119,44,64,124,69,133,76,143,87,154,102,160,120,162,137,158,150,150,158,139,163,129,166,118,64,124,68,115,76,109,86,102,102,96,119,97,134,94,149,98,157,104,163,110,166,118,72,123,79,131,85,135,94,139,105,141,119,142,132,140,141,136,149,131,153,127,158,118,72,123,79,117,86,114,95,112,106,111,118,110,129,109,139,109,146,111,152,113,158,118,118,45,64,125,69,134,76,144,87,154,102,160,120,162,137,158,150,150,158,139,163,129,166,119,64,125,68,117,76,110,86,103,102,97,118,98,133,95,148,100,157,106,163,112,166,119,72,124,79,132,85,135,94,139,105,141,119,141,132,139,141,136,149,132,153,128,158,119,72,124,79,118,86,115,95,113,106,112,118,112,129,111,139,111,146,112,152,114,158,119,118,45,64,125,69,134,76,144,87,154,102,160,120,161,137,158,150,150,158,139,163,129,166,119,64,125,68,116,76,110,86,103,102,97,118,98,133,95,148,99,157,106,163,111,166,119,72,124,79,131,85,135,94,138,105,141,119,141,132,139,141,136,149,132,153,127,158,119,72,124,78,118,86,115,95,113,105,112,118,111,129,111,139,111,146,112,152,114,158,119,118,42,64,122,69,132,76,143,86,153,101,160,120,162,137,158,150,150,158,139,163,128,166,117,64,122,68,113,76,107,85,99,102,93,118,94,133,92,148,96,156,103,162,109,166,117,72,121,79,130,85,134,94,138,105,141,119,142,132,140,141,136,148,131,152,127,157,117,72,121,79,115,86,112,95,109,105,108,118,108,129,107,138,107,145,109,151,111,157,117,119,41,64,121,69,132,76,142,86,153,101,160,120,162,137,158,150,150,159,138,163,127,167,116,64,121,68,112,76,106,86,99,102,93,118,94,134,91,149,96,157,102,163,108,167,116,72,120,79,129,85,134,94,138,105,141,119,142,132,140,142,136,149,131,153,126,158,116,72,120,79,114,86,111,95,109,106,108,118,107,129,107,139,107,146,108,152,110,158,116,118,40,66,119,70,130,76,141,87,153,101,160,119,162,137,158,150,150,158,137,162,126,165,114,66,119,70,109,77,103,86,95,102,89,118,90,133,88,148,92,156,99,161,105,165,114,74,118,81,128,86,133,95,138,105,141,119,142,131,140,141,136,147,130,151,125,156,114,74,118,80,111,87,108,96,105,106,104,118,103,129,103,138,103,145,105,150,108,156,114,119,40,65,119,70,131,76,142,87,154,101,161,120,163,137,159,150,150,158,138,162,126,165,114,65,119,69,110,76,103,86,96,102,90,118,90,134,88,149,92,156,99,162,105,165,114,74,118,81,129,86,134,95,139,105,142,119,143,132,140,141,136,148,131,152,125,157,115,74,118,80,111,87,108,96,105,106,104,118,104,129,103,138,103,145,105,151,108,157,115,120,42,67,120,72,131,78,142,88,153,103,161,121,162,138,159,150,150,158,138,162,126,165,115,67,120,71,111,78,105,87,98,103,92,119,92,134,90,149,94,156,101,162,107,165,115,76,119,82,129,88,134,96,138,107,141,120,142,132,140,141,136,148,131,152,125,157,115,76,119,82,113,89,109,97,107,107,106,119,105,130,105,139,105,145,107,151,109,157,115,119,42,66,120,71,131,77,142,87,153,102,160,120,162,137,159,150,150,157,138,162,127,165,116,66,120,70,111,77,105,87,97,102,92,118,92,133,90,148,95,156,101,161,107,165,116,75,119,81,129,87,133,95,138,106,141,119,142,132,140,141,136,147,131,151,126,156,116,75,119,81,112,88,109,96,107,106,106,118,106,129,105,138,106,145,107,150,110,156,116,120,42,69,122,73,132,79,142,89,153,104,160,121,162,138,159,150,150,158,139,162,129,165,119,69,122,73,114,80,108,89,100,104,95,120,96,134,93,148,98,156,104,161,110,165,119,77,121,84,130,89,134,97,138,108,141,120,141,133,139,141,136,148,131,152,127,156,118,77,121,83,115,90,113,98,111,108,110,119,109,130,109,138,109,145,111,151,113,156,118,120,42,69,122,73,132,79,142,89,153,104,160,121,162,138,158,150,150,158,138,162,128,165,118,69,122,73,113,80,107,89,100,104,94,120,95,134,93,149,97,156,104,162,109,165,118,77,121,84,129,89,133,97,138,107,140,120,141,133,139,142,136,148,131,152,126,157,118,77,121,83,115,90,112,98,110,108,109,119,109,130,108,139,108,145,110,151,112,157,118,120,42,70,123,74,132,80,142,90,152,104,159,121,161,137,158,150,150,158,139,162,129,164,119,70,123,74,114,80,108,89,101,104,95,120,96,134,94,148,98,156,105,161,111,164,119,78,121,84,129,89,133,97,137,108,140,120,140,132,139,141,135,148,131,151,127,156,119,78,121,84,116,91,113,99,111,108,110,119,110,130,109,138,110,145,111,150,113,156,119,121,44,70,123,74,133,80,142,90,153,104,159,122,161,138,158,150,150,158,139,162,129,165,120,70,123,74,115,81,109,90,103,105,97,120,98,135,96,149,100,157,106,162,112,165,120,78,122,84,130,90,134,98,137,108,140,121,141,133,139,142,135,149,131,152,127,157,119,78,122,84,117,91,115,99,113,109,112,120,112,131,111,139,111,146,113,151,114,157,119,121,44,69,124,74,133,80,142,90,152,104,159,121,160,138,157,150,150,158,139,162,129,165,120,69,124,73,116,81,110,90,103,105,98,120,99,135,96,149,101,156,107,162,112,165,120,77,122,84,130,89,133,97,137,108,139,121,140,133,138,142,135,148,131,152,127,157,120,77,122,84,117,91,115,99,114,109,113,120,113,130,112,139,112,146,113,151,115,157,120,121,46,70,124,74,133,80,143,90,153,104,159,121,161,137,158,150,150,158,139,162,130,165,121,70,124,74,117,81,111,90,104,105,99,120,100,135,97,149,102,156,108,162,113,165,121,78,123,84,130,89,134,98,137,108,139,121,140,132,138,141,135,148,131,152,128,157,121,78,123,84,118,91,116,99,115,109,114,120,114,130,113,139,113,146,114,151,116,157,121,121,41,70,122,74,132,80,142,90,153,104,160,121,162,138,159,150,150,158,139,162,128,164,118,70,122,74,113,81,107,89,99,105,93,120,94,134,92,148,97,156,104,161,110,164,118,78,121,84,129,90,133,98,137,108,140,121,141,133,139,141,135,148,131,151,127,156,118,78,121,84,115,91,112,99,110,109,109,120,108,130,108,138,108,145,110,150,112,156,118,121,41,70,122,74,131,80,141,90,152,104,159,122,161,138,158,150,150,158,138,162,128,164,118,70,122,74,113,81,107,90,99,105,94,120,95,135,92,149,97,156,104,161,110,164,118,78,121,85,129,90,133,98,137,108,139,121,140,133,138,141,135,148,130,152,126,156,118,78,121,85,115,92,112,99,110,109,109,120,108,130,108,138,109,145,110,150,112,156,118,119,40,67,120,71,130,77,141,87,152,102,160,120,162,137,158,150,150,158,138,162,127,165,116,67,120,71,111,78,104,87,97,103,91,118,92,134,90,148,94,156,101,161,107,165,116,75,119,82,128,87,133,95,137,106,140,119,141,132,139,141,135,148,130,152,125,157,116,75,119,81,112,89,109,97,107,107,106,118,105,129,105,138,105,145,107,151,110,157,116,119,41,67,121,71,131,77,142,87,153,102,160,120,162,137,159,150,150,158,139,162,128,165,117,67,121,71,112,78,105,87,98,103,92,118,93,133,91,148,95,156,102,161,108,165,117,75,120,82,129,87,134,95,138,106,141,119,142,132,140,141,136,148,131,152,126,157,117,75,120,81,113,89,110,97,108,106,107,118,106,129,106,138,107,145,108,151,111,157,117,119,45,67,124,72,133,78,143,89,153,103,159,121,161,137,158,150,150,159,139,163,129,167,120,67,124,71,116,78,110,88,103,104,97,119,98,134,96,149,100,157,106,163,112,167,120,75,123,82,131,87,134,96,137,107,140,120,140,132,139,142,135,149,131,153,128,159,120,75,123,81,118,89,115,97,113,107,112,119,112,130,111,139,112,147,113,153,115,159,120,120,44,67,122,72,132,78,142,88,153,103,160,121,162,138,158,150,150,158,139,163,129,166,118,67,122,71,113,78,107,88,99,103,94,119,94,134,92,149,97,157,104,163,110,166,118,75,121,82,130,88,134,96,138,107,140,120,141,132,139,142,136,149,131,153,127,158,118,75,121,82,115,89,112,97,110,107,108,119,108,130,108,139,108,146,110,152,112,158,118,121,50,67,126,72,134,79,143,89,152,103,159,120,160,137,157,150,150,158,140,163,131,167,123,67,126,71,119,78,113,88,106,104,101,120,102,135,100,149,104,158,110,164,115,167,123,75,125,82,131,87,134,96,137,107,139,120,140,132,138,142,135,149,132,154,129,159,123,75,125,81,120,89,118,97,117,107,116,119,116,130,115,140,115,147,116,153,118,159,123,122,51,68,125,73,134,79,143,90,153,104,159,121,161,138,158,150,150,159,140,164,130,167,121,68,125,72,117,79,111,89,104,105,99,121,100,136,97,150,102,158,108,164,113,167,121,76,124,83,131,88,135,97,138,108,140,121,141,133,139,143,136,150,132,154,128,159,121,76,124,82,119,89,116,98,114,108,113,120,113,131,112,140,113,148,114,154,116,159,121,121,51,68,126,73,135,79,143,90,152,104,158,122,160,138,157,150,150,159,140,164,130,167,122,68,126,72,119,79,113,89,106,105,100,121,101,135,99,150,103,158,109,164,114,167,122,76,125,83,131,88,134,97,137,108,139,121,139,133,138,142,135,150,131,154,128,159,121,76,125,82,120,89,118,98,116,108,115,120,115,131,114,140,114,148,115,153,117,159,121,122,53,69,127,73,135,80,144,90,153,104,159,121,160,138,157,150,150,158,140,163,131,166,123,69,127,72,119,80,113,89,107,105,101,120,102,135,100,150,104,158,110,163,115,166,123,77,126,83,132,89,135,97,138,108,140,121,140,133,138,142,136,149,132,153,129,158,122,77,126,83,121,90,119,98,117,108,116,120,115,131,115,140,115,147,116,153,118,158,122,121,55,67,129,72,137,79,144,90,153,104,158,121,160,137,157,150,150,158,141,163,132,166,124,67,129,71,122,78,117,88,110,104,105,120,106,135,104,150,107,158,113,163,118,166,124,74,128,81,133,87,135,96,137,107,139,120,139,132,138,142,135,149,132,153,130,159,124,74,128,81,124,88,122,97,121,108,120,120,120,131,119,140,119,147,119,153,120,159,124,121,54,67,129,72,137,79,145,90,153,104,159,121,160,138,157,150,150,159,141,164,132,168,124,67,129,71,122,78,117,88,110,105,105,120,106,135,103,150,107,159,112,165,117,168,124,75,128,82,133,88,136,97,138,108,139,121,140,133,138,143,135,150,132,154,129,160,124,75,128,81,123,89,122,97,121,108,120,120,120,131,119,141,118,148,119,154,120,160,124,121,55,68,130,73,137,80,145,90,153,105,159,122,160,138,157,150,150,159,140,164,132,167,124,68,130,72,123,79,118,89,111,105,106,120,107,135,104,150,108,158,113,164,118,167,124,75,129,82,133,88,136,97,138,108,139,121,139,133,137,142,135,150,132,154,129,159,124,75,129,82,125,89,123,98,122,108,121,120,121,131,120,140,119,148,120,154,121,159,124,121,55,69,130,73,137,80,145,91,153,105,159,122,160,138,157,150,150,159,140,164,132,167,124,69,130,72,123,80,118,89,111,105,106,121,107,135,104,150,108,158,113,164,118,167,124,77,129,83,133,89,136,98,138,108,139,121,139,133,138,143,135,150,132,154,129,160,124,77,129,83,124,90,123,98,122,108,121,120,120,131,120,141,119,148,120,154,120,160,124,120,57,69,132,74,138,81,145,91,153,105,158,122,159,137,156,150,150,159,141,164,134,168,127,69,132,73,126,80,120,89,114,105,108,120,109,135,107,150,111,159,116,165,121,168,127,76,131,83,134,89,135,97,137,108,138,121,138,133,136,143,134,150,132,155,131,161,126,76,131,83,127,90,126,98,124,109,124,120,124,132,123,141,122,149,123,155,123,161,126
321,114,62,61,139,66,146,73,153,83,161,97,166,114,167,129,165,142,158,150,150,155,142,159,134,61,139,65,132,73,127,83,120,98,114,113,115,128,113,142,117,150,123,156,128,159,134,69,138,75,142,81,144,90,146,101,147,113,147,125,146,134,144,142,141,146,139,151,134,69,138,75,134,83,132,91,130,101,130,113,129,123,129,132,129,140,129,145,130,151,134,114,64,59,140,64,147,72,154,82,162,97,167,113,168,129,165,141,159,150,150,155,143,158,135,59,140,64,133,71,128,82,122,98,117,113,118,127,115,141,119,150,125,155,129,158,135,67,139,74,143,80,145,89,146,100,148,113,148,125,147,134,144,141,142,146,140,151,135,67,139,73,135,81,133,90,132,100,132,112,132,123,131,132,131,139,131,145,132,151,135,113,58,58,136,63,144,70,153,80,162,95,168,113,170,129,167,142,160,150,150,155,141,158,132,58,136,62,128,70,122,80,116,96,110,112,111,127,109,141,113,149,119,155,124,158,132,66,135,73,141,79,144,88,147,99,149,112,150,124,148,134,145,141,142,145,138,151,131,66,135,73,130,80,128,89,126,99,125,111,125,122,124,131,124,139,125,145,127,151,131,113,58,59,136,64,145,71,154,81,163,96,169,113,170,130,167,142,160,150,150,155,140,158,131,59,136,63,128,71,122,81,115,97,109,112,110,127,108,141,112,149,118,155,124,158,131,67,135,74,142,80,145,89,148,99,150,113,150,125,148,134,145,141,142,145,138,150,131,67,135,74,130,81,127,90,125,100,124,112,124,123,123,132,123,139,124,144,126,150,131,112,58,58,136,63,145,70,154,80,164,95,170,113,172,129,169,142,161,150,150,155,140,158,131,58,136,62,128,70,122,79,115,96,109,111,110,126,107,141,111,149,117,155,123,158,131,66,135,73,142,79,146,88,149,98,151,112,152,124,150,134,146,141,142,145,139,150,131,66,135,72,129,80,127,89,125,99,124,111,123,122,123,131,123,138,124,144,126,150,131,112,57,58,135,63,145,70,154,80,164,95,170,113,171,129,168,142,161,150,150,155,140,158,130,58,135,62,127,70,121,79,114,96,108,111,109,126,106,141,110,149,116,155,122,158,130,66,134,73,142,79,145,88,149,99,151,112,151,124,149,134,146,141,142,145,138,150,130,66,134,72,129,80,126,89,124,99,123,111,122,122,122,131,122,138,123,144,125,150,130,111,57,57,136,62,145,68,154,79,164,94,170,112,171,129,168,141,160,150,150,154,140,157,130,57,136,61,127,68,121,78,114,94,108,111,109,126,106,141,110,149,116,154,122,157,130,65,135,72,142,78,145,87,148,98,150,111,151,124,149,133,146,140,142,144,138,149,130,65,135,71,129,79,126,87,124,98,123,110,122,121,122,131,122,138,123,143,125,149,130,111,53,55,135,60,144,67,154,78,164,93,171,111,173,129,169,142,161,150,150,155,140,158,129,55,135,60,126,67,119,77,112,94,105,110,106,125,104,140,108,149,115,154,121,158,129,64,134,71,142,77,146,86,149,97,151,111,152,123,150,133,146,140,142,144,138,149,129,64,134,70,128,78,125,87,122,97,121,110,120,121,120,130,120,137,121,143,124,149,129,112,54,56,135,61,144,68,154,79,164,94,170,112,172,129,168,142,161,150,150,155,140,158,130,56,135,61,127,68,120,78,113,94,107,111,108,126,105,141,110,149,116,155,122,158,130,64,134,72,141,77,145,86,148,98,150,111,151,124,149,133,146,140,142,144,138,150,130,64,134,71,128,79,126,87,124,98,123,110,122,121,121,131,122,138,123,144,125,150,130,111,55,56,135,60,145,67,154,78,164,93,171,111,172,128,169,141,161,150,150,154,140,157,130,56,135,60,127,67,120,77,113,94,107,110,108,125,105,140,110,148,116,154,122,157,130,64,134,71,142,77,145,86,149,97,151,111,152,123,150,133,146,140,142,144,138,149,130,64,134,70,128,78,126,87,124,97,122,109,122,121,121,130,121,137,123,143,125,149,130,111,54,55,135,60,144,67,154,78,164,93,170,111,172,128,168,141,160,150,150,154,139,157,129,55,135,59,126,67,120,77,113,94,107,110,107,125,105,140,109,148,115,154,121,157,129,63,134,70,141,76,145,86,149,97,151,111,151,123,149,133,146,140,142,144,137,149,129,63,134,70,128,78,125,87,123,97,122,109,121,121,121,130,121,137,122,143,124,149,129,110,54,55,134,60,144,67,154,78,165,93,172,111,173,129,170,141,162,150,150,154,139,157,129,55,134,60,126,67,119,77,112,93,106,110,107,125,104,140,108,148,115,154,121,157,129,63,133,71,142,76,146,86,150,97,152,111,153,123,151,133,147,140,142,144,138,149,129,63,133,70,127,78,124,87,122,97,121,109,120,121,120,130,120,137,121,143,123,149,129,110,55,55,134,60,144,67,154,78,164,93,171,111,173,128,169,141,161,150,150,154,139,158,129,55,134,59,126,67,119,77,112,93,106,109,107,125,104,140,109,148,115,154,121,158,129,63,133,70,142,76,146,85,149,96,152,110,153,123,151,133,147,140,142,144,138,149,129,63,133,69,127,77,124,86,122,97,121,109,120,120,120,130,120,137,121,143,123,149,129,111,55,56,135,61,144,68,154,79,165,94,171,112,173,129,169,142,161,150,150,155,140,158,129,56,135,60,126,68,120,78,113,94,107,111,108,126,105,141,109,149,115,155,121,158,129,64,134,71,142,77,146,86,150,98,152,111,153,124,150,133,147,141,142,145,138,150,129,64,134,71,128,78,125,87,123,98,122,110,121,121,120,131,121,138,122,144,124,150,129,110,55,56,135,61,144,68,154,79,164,94,170,112,172,129,168,142,161,150,150,155,139,158,129,56,135,60,127,68,120,78,113,94,107,110,108,125,105,140,109,149,116,155,121,158,129,64,134,71,142,77,145,86,149,97,151,111,152,124,150,133,146,141,142,145,138,150,129,64,134,70,128,78,125,87,123,98,122,110,121,121,121,131,121,138,122,144,124,150,129,110,56,56,136,61,145,68,155,79,165,94,171,112,172,129,169,142,161,150,150,155,140,158,130,56,136,60,128,68,121,78,114,94,108,110,109,125,106,140,111,149,117,155,122,158,130,64,135,71,142,77,146,86,149,97,152,111,152,124,150,133,147,141,143,145,139,150,130,64,135,70,129,78,126,87,124,98,123,110,123,121,122,131,122,138,123,144,125,150,130,110,53,56,133,61,143,68,154,78,164,93,171,112,173,129,170,142,161,150,150,155,139,158,128,56,133,60,124,68,118,77,110,94,104,110,105,125,103,140,107,148,114,154,120,158,128,64,132,71,141,77,145,86,149,97,152,111,153,124,151,133,147,140,142,144,138,149,128,64,132,71,126,78,123,87,120,97,119,110,119,121,118,130,119,137,120,143,123,149,128,110,53,55,133,60,144,67,154,78,165,92,172,111,174,128,171,141,162,150,150,154,139,158,128,55,133,59,124,67,118,77,111,93,105,109,106,125,104,140,108,148,114,154,120,158,128,63,132,70,142,76,146,85,150,96,153,110,154,123,152,133,148,140,143,144,138,149,128,63,132,70,126,77,123,86,121,97,120,109,119,120,119,130,119,137,120,143,123,149,128,110,53,58,132,62,143,69,154,79,166,93,173,112,175,129,171,142,163,150,150,154,139,157,127,58,132,62,122,69,116,78,108,94,103,110,103,125,101,140,105,148,112,153,118,157,127,66,131,73,141,78,146,87,151,97,154,111,155,123,153,133,149,139,143,143,138,148,127,66,131,72,124,79,121,88,118,98,117,110,116,121,116,130,116,137,118,142,121,148,127,111,52,57,131,62,143,68,154,79,166,93,173,112,175,129,171,142,162,150,150,154,138,157,126,57,131,61,122,68,115,78,108,94,102,110,102,126,100,141,104,148,111,154,117,157,126,66,131,73,141,78,146,87,151,97,154,111,155,124,153,133,148,140,143,144,137,149,127,66,131,72,123,79,120,88,117,98,116,110,116,121,115,130,115,137,117,143,120,149,127,112,55,59,132,64,143,70,154,80,165,95,173,113,175,130,171,142,162,150,150,154,138,157,127,59,132,63,123,70,117,79,110,95,104,111,104,126,102,141,106,148,113,154,119,157,127,68,131,74,141,80,146,88,150,99,154,112,154,124,152,133,148,140,143,144,137,148,127,68,131,74,124,81,121,89,119,99,118,111,117,122,117,130,117,137,119,143,121,148,127,112,54,59,132,64,143,70,154,80,165,95,172,113,174,130,171,143,162,150,150,155,139,158,128,59,132,63,123,70,116,80,109,95,104,111,104,126,102,141,107,149,113,154,119,158,128,68,131,74,141,80,145,88,150,99,153,112,154,125,152,134,148,140,143,144,138,149,128,68,131,74,124,81,121,89,119,99,118,111,118,122,117,131,118,138,119,143,122,149,128,112,54,61,133,65,143,71,153,81,164,96,171,113,173,130,170,142,161,150,150,154,140,157,130,61,133,65,125,72,119,81,111,96,106,112,107,126,104,140,109,148,115,153,121,157,130,69,132,76,141,81,145,89,149,100,152,112,152,124,150,133,147,140,142,144,138,148,129,69,132,75,126,82,124,90,122,100,121,111,120,122,120,130,120,137,122,143,124,148,129,112,54,61,134,65,144,71,154,81,165,96,172,113,174,130,170,142,162,150,150,154,140,157,130,61,134,65,125,72,119,81,112,96,106,112,107,126,105,141,109,148,116,154,122,157,130,69,133,76,141,81,145,89,150,99,152,112,153,125,151,134,148,140,143,144,138,149,130,69,133,75,127,82,124,90,122,100,121,112,121,122,120,131,121,137,122,143,124,149,130,112,53,62,134,66,143,72,153,82,163,96,170,113,172,129,169,142,161,150,150,154,140,156,130,62,134,66,125,72,119,81,112,96,106,112,107,126,105,140,109,148,116,153,122,156,130,70,132,76,140,81,144,89,148,100,151,112,151,124,150,133,146,140,142,144,138,148,130,70,132,76,127,83,124,91,122,100,121,111,121,122,120,130,121,137,122,142,124,148,130,113,55,62,134,66,144,72,153,82,164,96,170,114,172,130,169,142,161,150,150,154,140,157,131,62,134,66,126,73,120,82,114,97,108,112,109,127,107,141,111,149,117,154,123,157,131,70,133,76,141,82,145,90,148,100,151,113,152,125,150,134,146,141,142,144,138,149,130,70,133,76,128,83,126,91,124,101,123,112,123,123,122,131,122,138,124,143,125,149,130,113,56,61,135,66,143,72,153,82,163,96,170,113,171,129,168,142,160,150,150,154,140,157,131,61,135,65,127,72,121,82,114,97,109,112,110,127,107,141,112,148,118,154,124,157,131,69,133,76,141,81,144,89,147,100,150,113,151,124,149,133,146,140,142,144,138,149,131,69,133,76,128,83,126,91,125,101,124,112,124,122,123,131,123,138,124,143,126,149,131,114,57,62,135,66,144,72,154,82,164,96,170,113,172,130,169,142,161,150,150,154,141,157,132,62,135,66,128,73,122,82,115,97,110,112,111,127,108,141,113,148,119,154,124,157,132,70,134,76,141,81,145,90,148,100,150,113,151,124,149,133,146,140,142,144,139,149,132,70,134,76,129,83,127,91,126,101,125,112,125,122,124,131,124,138,125,143,127,149,132,113,52,62,133,66,143,72,153,82,164,96,171,113,173,130,170,142,161,150,150,154,139,156,129,62,133,66,124,73,118,81,110,97,104,112,105,126,103,140,108,148,115,153,121,156,129,70,132,76,140,82,144,90,148,100,151,113,152,125,150,133,146,140,142,143,137,148,129,70,132,76,126,83,123,91,121,101,120,112,119,122,119,130,119,137,121,142,123,148,129,113,53,62,134,66,143,72,153,82,164,96,171,114,173,130,170,142,162,150,150,154,140,156,130,62,134,66,125,73,119,82,111,97,106,112,107,127,104,141,109,148,116,153,122,156,130,70,133,77,141,82,145,90,149,100,151,113,152,125,150,133,147,140,142,144,138,148,130,70,133,77,127,84,124,92,122,101,121,112,120,122,120,130,121,137,122,142,124,148,130,111,52,59,132,63,142,69,153,79,164,94,171,112,173,129,170,142,162,150,150,154,139,157,128,59,132,63,123,70,116,79,109,95,103,110,104,126,102,140,106,148,113,154,119,157,128,67,131,74,140,79,145,87,149,98,152,111,153,124,151,133,147,140,142,144,137,149,128,67,131,73,124,81,121,89,119,99,118,110,117,121,117,130,117,137,119,143,122,149,128,111,53,59,133,63,143,69,154,79,165,94,172,112,174,129,171,142,162,150,150,154,140,157,129,59,133,63,124,70,117,79,110,94,104,110,105,125,103,140,107,148,114,153,120,157,129,67,132,74,141,79,145,87,150,98,153,111,154,123,152,133,148,140,143,144,138,148,129,67,132,73,125,80,122,89,120,98,119,110,119,121,118,130,119,137,120,143,123,148,129,111,56,59,135,64,144,70,154,81,163,95,170,113,171,129,168,142,161,150,150,155,140,158,131,59,135,63,127,70,121,80,114,96,108,111,109,126,107,141,111,149,117,155,123,158,131,67,134,74,141,79,145,88,148,99,151,112,151,124,149,134,146,141,142,145,138,150,131,67,134,73,129,81,126,89,124,99,123,111,123,122,122,131,122,138,124,145,126,150,131,111,55,58,133,63,143,69,153,79,164,94,171,112,173,129,169,141,161,150,150,154,140,157,129,58,133,62,124,69,118,79,110,95,104,110,105,125,103,140,108,148,115,154,121,157,129,66,132,73,141,79,145,87,149,98,152,111,152,123,150,133,147,140,142,144,138,149,129,66,132,73,126,80,123,88,121,98,119,110,119,121,119,130,119,137,121,143,123,149,129,113,59,59,135,64,144,71,152,81,162,95,168,113,169,129,166,142,159,150,150,155,141,159,132,59,135,63,128,70,122,80,115,96,110,112,111,127,109,141,113,150,119,156,125,159,132,67,134,74,141,79,144,88,146,99,148,112,149,124,147,134,145,141,141,146,138,151,132,67,134,73,129,81,127,89,126,99,125,111,125,123,124,132,124,139,125,145,127,151,132,113,61,59,135,63,144,70,153,81,163,95,169,112,170,129,168,141,160,150,150,155,140,158,131,59,135,63,127,70,121,80,114,96,109,111,110,127,107,141,112,149,118,155,123,158,131,67,134,74,141,79,144,88,148,99,150,112,150,124,149,133,146,141,142,145,138,150,131,67,134,73,129,80,126,89,124,99,123,111,123,122,123,131,123,139,124,145,126,150,131,112,61,59,136,64,145,70,153,81,162,95,168,113,170,129,167,141,160,150,150,155,140,158,132,59,136,63,129,70,123,80,116,96,110,112,111,126,109,141,113,149,119,155,124,158,132,67,135,74,141,79,144,88,147,99,149,112,149,124,148,133,145,141,141,145,138,150,131,67,135,73,130,80,128,89,126,99,125,111,125,122,124,131,124,138,125,144,127,150,131,114,63,61,137,65,145,72,154,82,163,96,169,113,170,130,167,142,160,150,150,155,141,158,133,61,137,64,129,72,124,81,117,97,111,112,112,127,110,142,114,150,120,155,125,158,133,69,136,75,142,81,145,89,148,100,150,113,150,125,148,134,146,141,142,145,139,150,132,69,136,75,131,82,129,90,127,100,126,112,126,123,125,132,125,139,126,145,128,150,132,113,64,59,138,64,146,71,153,82,162,96,167,113,169,129,166,142,159,150,150,155,141,158,133,59,138,63,131,70,126,80,119,96,114,112,115,127,113,142,116,150,122,155,127,158,133,67,137,74,142,79,144,88,146,99,148,112,148,124,147,134,144,141,141,145,139,151,133,67,137,73,133,80,131,89,130,100,129,112,129,123,128,132,128,139,128,145,129,151,133,112,63,58,138,63,146,70,154,81,162,95,168,112,169,129,166,141,159,150,150,155,141,159,133,58,138,62,131,70,126,79,119,96,114,111,115,126,112,141,116,150,121,156,126,159,133,66,137,73,142,79,145,88,147,99,148,112,149,124,147,134,144,141,141,145,138,151,133,66,137,72,132,80,131,88,130,99,129,111,129,122,128,132,127,139,128,145,129,151,133,112,65,59,140,64,147,71,155,81,163,96,169,113,170,129,167,141,160,150,150,155,142,158,134,59,140,63,133,70,128,80,121,96,116,111,117,126,114,141,118,149,123,155,128,158,134,66,139,73,144,79,146,88,148,99,149,112,149,124,147,133,145,141,142,145,139,150,134,66,139,73,135,80,133,89,132,99,131,111,131,122,130,131,129,139,130,145,131,150,134,112,65,60,140,64,147,71,155,82,163,96,169,113,170,129,167,141,160,150,150,155,142,158,134,60,140,63,133,71,128,80,121,96,116,112,117,126,114,141,117,149,123,155,128,158,134,68,139,74,143,80,146,89,148,99,149,112,149,124,148,134,145,141,142,145,139,151,134,68,139,74,134,81,133,89,131,99,131,111,130,122,129,132,129,139,129,145,130,151,134,111,66,60,141,65,147,72,154,82,162,96,167,113,168,128,165,141,159,150,150,156,143,159,136,60,141,63,135,71,129,80,123,96,117,111,118,126,116,141,120,150,125,156,130,159,136,67,140,74,143,80,145,88,146,99,147,112,147,124,145,134,143,142,141,146,140,152,135,67,140,74,136,81,135,89,133,100,133,111,133,123,132,132,131,140,132,146,132,152,135
375,109,70,56,147,61,154,68,161,78,169,92,174,109,175,124,173,136,166,145,158,150,150,154,142,56,147,60,140,68,135,78,128,93,122,108,123,123,121,137,125,145,131,151,136,154,142,64,146,70,150,76,152,85,154,96,155,108,155,120,154,129,152,137,149,141,147,146,142,64,146,70,142,78,140,86,138,96,137,108,137,118,136,127,136,134,137,140,138,146,142,109,71,54,147,59,154,67,161,78,169,92,174,108,175,124,172,136,166,145,158,150,150,154,142,54,147,59,140,66,135,77,129,93,124,108,125,122,123,136,126,145,132,150,136,154,142,62,146,69,150,75,152,84,153,95,155,108,155,120,154,129,151,136,149,141,147,146,142,62,146,68,142,76,140,85,139,95,139,107,139,118,138,127,138,134,138,140,139,146,142,108,66,53,145,58,153,65,162,75,171,90,178,108,179,124,176,137,169,145,159,150,150,154,140,53,145,57,137,65,131,75,125,91,119,107,120,122,118,136,122,144,128,150,133,154,140,61,144,68,150,74,153,83,156,94,158,107,159,119,157,129,154,136,151,140,147,146,140,61,144,68,139,75,137,84,135,94,134,106,134,117,133,126,133,134,134,140,136,146,140,108,68,54,146,59,155,66,164,76,173,91,179,108,181,124,177,137,170,145,160,150,150,153,141,54,146,58,138,66,132,76,125,92,119,107,120,122,118,136,122,144,128,150,134,153,141,62,145,69,152,75,155,83,158,94,160,108,160,120,158,129,155,136,152,140,148,145,141,62,145,69,140,76,137,85,135,95,134,107,134,118,133,126,133,133,134,139,136,145,141,107,68,53,146,58,155,65,164,75,174,90,180,107,182,124,179,137,171,145,160,150,150,153,141,53,146,57,138,65,132,74,125,90,119,106,120,121,117,136,121,144,127,150,133,153,141,61,145,68,152,74,156,83,159,93,161,107,162,119,160,129,156,136,152,140,149,145,141,61,145,67,139,75,137,84,135,94,134,106,133,117,133,126,133,133,134,139,136,145,141,107,67,53,145,58,155,65,164,75,174,90,180,108,182,124,178,137,171,145,160,150,150,153,140,53,145,57,137,65,131,74,124,90,118,106,119,121,116,136,120,144,126,150,132,153,140,61,144,68,152,74,155,83,159,94,161,107,161,119,159,129,156,136,152,140,148,145,140,61,144,68,139,75,136,84,134,94,133,106,132,117,132,126,132,133,133,139,135,145,140,107,67,53,145,58,155,64,164,75,174,90,180,108,181,125,178,137,170,146,160,150,150,153,140,53,145,57,137,64,131,74,124,90,118,107,119,122,116,137,120,145,126,150,132,153,140,61,144,68,152,74,155,83,158,94,161,107,161,120,159,129,156,136,152,140,148,145,140,61,144,67,139,75,136,83,134,94,133,106,132,117,132,127,132,134,133,140,135,145,140,106,63,51,145,55,155,62,164,73,174,88,181,106,183,124,179,137,171,145,160,150,150,153,139,51,145,55,136,62,129,72,122,89,116,105,116,120,114,135,118,144,125,149,131,153,139,59,144,66,152,72,156,81,159,92,161,106,162,118,160,128,156,135,152,139,148,144,139,59,144,65,138,73,135,82,132,92,131,105,130,116,130,125,130,132,132,138,134,144,139,107,65,51,145,56,154,63,164,74,174,89,180,107,182,124,178,137,171,145,160,150,150,153,140,51,145,56,137,63,130,73,123,90,117,106,118,121,115,136,120,144,126,150,132,153,140,59,144,67,151,72,155,81,158,93,160,106,161,119,159,128,156,135,152,140,148,145,140,59,144,66,138,74,136,82,134,93,133,105,132,116,131,126,132,133,133,139,135,145,140,107,65,52,145,56,155,63,164,74,174,89,181,107,182,124,179,137,171,146,160,150,150,153,140,52,145,56,137,63,130,73,123,90,117,106,118,121,115,136,120,144,126,150,132,153,140,60,144,67,152,73,155,82,159,93,161,107,162,119,160,129,156,136,152,140,148,145,140,60,144,66,138,74,136,83,133,93,132,106,132,117,131,126,131,133,133,139,135,145,140,107,65,51,146,56,155,63,165,74,175,89,182,107,183,125,180,137,172,146,161,150,150,153,140,51,146,56,137,63,131,73,124,90,118,106,118,121,116,136,120,144,126,150,132,153,140,59,145,67,152,72,156,82,160,93,162,107,163,119,161,129,157,136,153,140,149,145,140,59,145,66,139,74,136,83,134,93,133,106,132,117,131,126,132,133,133,139,135,145,140,106,65,51,145,56,155,63,165,74,176,89,183,107,184,125,181,137,172,146,161,150,150,153,140,51,145,56,137,63,130,73,123,90,117,106,118,121,115,136,119,144,126,150,132,153,140,59,144,67,153,72,157,82,161,93,163,107,164,119,162,129,158,136,153,140,149,145,140,59,144,66,138,74,135,83,133,93,132,105,131,117,131,126,131,133,132,139,134,145,140,106,66,51,145,56,155,63,165,74,175,89,182,107,184,124,180,137,172,146,161,150,150,153,140,51,145,55,137,63,130,73,123,89,117,105,118,121,115,136,119,144,126,150,132,153,140,59,144,66,153,72,157,81,160,92,163,106,163,119,161,129,158,136,153,140,149,145,140,59,144,65,138,73,135,82,133,93,132,105,131,116,131,126,131,133,132,139,134,145,140,106,65,51,145,56,154,63,164,74,175,89,181,107,183,124,179,137,171,145,160,150,150,153,139,51,145,55,136,63,130,73,123,89,117,106,118,121,115,136,119,144,125,150,131,153,139,59,144,66,152,72,156,81,160,92,162,106,163,119,161,128,157,136,152,140,148,145,139,59,144,66,138,73,135,82,133,93,132,105,131,116,130,126,131,133,132,139,134,145,139,105,66,51,146,56,155,63,165,74,175,89,181,107,183,124,179,137,171,145,160,150,150,153,140,51,146,55,138,63,131,73,124,89,118,105,119,120,116,135,120,144,127,150,132,153,140,59,145,66,153,72,156,81,160,92,162,106,162,119,160,128,157,136,153,140,149,145,140,59,145,66,139,73,136,82,134,93,133,105,133,116,132,126,132,133,133,139,135,145,140,105,66,51,146,56,155,63,165,74,175,89,181,107,182,124,179,137,171,145,160,150,150,153,140,51,146,55,138,63,131,73,124,89,118,105,119,120,116,135,120,144,127,150,132,153,140,59,145,66,152,72,156,81,159,92,162,106,162,119,160,128,157,136,153,140,148,145,140,59,145,65,139,73,136,82,134,93,133,105,133,116,132,126,132,133,133,139,135,145,140,105,64,51,144,56,154,63,165,73,175,88,182,107,184,124,180,137,172,145,161,150,150,153,139,51,144,55,135,63,129,72,121,89,115,105,116,120,114,135,118,143,125,149,131,153,139,59,143,66,152,72,156,81,160,92,163,106,164,119,162,128,158,135,153,139,149,144,139,59,143,66,137,73,134,82,131,92,130,105,130,116,129,125,129,132,131,138,133,144,139,106,64,51,144,56,155,63,165,73,176,88,183,107,185,124,181,137,173,146,161,150,150,154,139,51,144,55,135,63,129,73,122,89,116,105,117,121,114,136,119,144,125,150,131,154,139,59,143,66,152,72,157,81,161,92,164,106,165,119,163,129,159,136,154,140,149,145,139,59,143,66,137,73,134,82,132,93,131,105,130,116,129,126,130,133,131,139,133,145,139,106,64,54,143,58,154,65,165,75,177,89,184,108,186,125,182,138,174,146,161,150,150,153,138,54,143,58,133,65,127,74,119,90,114,106,114,121,112,136,116,144,123,149,129,153,138,62,142,69,152,74,157,83,162,93,165,107,166,119,164,129,160,135,154,139,149,144,138,62,142,68,135,75,132,84,129,94,128,106,127,117,127,126,127,133,129,138,132,144,138,107,64,53,143,58,155,64,166,75,178,89,185,108,187,125,183,138,174,146,162,150,150,153,138,53,143,57,134,64,127,74,120,90,114,106,114,122,112,137,116,144,123,150,129,153,138,62,143,69,153,74,158,83,163,93,166,107,167,120,165,129,160,136,155,140,149,145,139,62,143,68,135,75,132,84,129,94,128,106,127,117,127,126,127,133,129,139,132,145,139,108,66,55,144,60,155,66,166,76,177,91,185,109,186,126,183,138,174,146,162,150,150,153,139,55,144,59,135,66,129,75,121,91,116,107,116,122,114,137,118,144,125,150,131,153,139,64,143,70,153,76,158,84,162,95,166,108,166,120,164,129,160,136,155,140,149,145,139,64,143,70,136,77,133,85,131,95,130,107,129,118,129,126,129,133,131,139,133,145,139,107,65,54,143,59,154,65,165,75,176,90,183,108,185,125,182,138,173,145,161,150,150,153,139,54,143,58,134,65,128,75,120,90,115,106,115,121,113,136,118,144,124,149,130,153,139,63,142,69,152,75,156,83,161,94,164,107,165,120,163,129,159,135,154,139,149,144,139,63,142,69,135,76,132,84,130,94,129,106,129,117,128,126,129,133,130,138,133,144,139,108,64,57,143,61,153,67,163,77,174,92,181,109,183,126,180,138,171,146,160,150,150,153,140,57,143,61,135,68,129,77,122,92,116,108,117,122,115,136,119,144,125,149,131,153,140,65,142,72,151,77,155,85,159,95,161,108,162,120,160,129,157,136,152,140,148,144,139,65,142,71,136,78,134,86,132,96,131,107,130,118,130,126,130,133,132,139,134,144,139,108,64,57,144,61,154,67,164,77,175,92,182,109,184,126,180,138,172,146,160,150,150,153,140,57,144,61,135,68,129,77,122,92,116,108,117,122,115,137,119,144,126,150,131,153,140,65,143,72,151,77,155,85,160,95,162,108,163,121,161,130,157,136,153,140,148,145,140,65,143,71,137,78,134,86,132,96,131,108,131,118,130,127,131,133,132,139,134,145,140,108,63,58,144,62,153,68,163,78,173,92,180,109,182,125,179,138,171,146,160,150,150,152,140,58,144,62,135,68,129,77,122,92,116,108,117,122,115,136,119,144,126,149,132,152,140,66,142,72,150,77,154,85,158,96,161,108,162,120,160,129,156,136,152,140,148,144,140,66,142,72,137,79,134,87,132,96,131,107,131,118,130,126,131,133,132,138,134,144,140,109,65,58,144,62,154,69,163,78,174,92,181,110,182,126,179,138,171,146,160,150,150,153,141,58,144,62,136,69,130,78,124,93,118,108,119,123,117,137,121,145,127,150,133,153,141,66,143,72,151,78,155,86,158,96,161,109,162,121,160,130,156,137,152,140,148,145,140,66,143,72,138,79,136,87,134,97,133,108,133,119,132,127,132,134,134,139,135,145,140,109,65,57,145,62,154,68,163,78,173,92,180,109,181,126,178,138,171,146,160,150,150,153,141,57,145,61,137,69,131,78,124,93,119,108,120,123,117,137,122,144,128,150,133,153,141,65,143,72,151,77,154,85,158,96,160,109,161,121,159,130,156,136,152,140,148,145,141,65,143,72,138,79,136,87,135,97,134,108,134,118,133,127,133,134,134,139,136,145,141,109,66,58,144,62,153,68,163,78,173,92,179,109,181,125,178,138,170,145,159,150,150,153,141,58,144,62,137,69,131,78,124,93,119,108,120,123,117,137,122,144,128,150,133,153,141,66,143,72,150,77,154,86,157,96,159,109,160,120,158,129,155,136,151,140,148,145,140,66,143,72,138,79,136,87,135,97,134,108,134,118,133,127,133,134,134,139,136,145,140,109,63,58,144,62,154,68,164,78,175,92,182,109,184,126,181,138,172,146,161,150,150,152,140,58,144,62,135,69,129,78,121,93,115,108,116,122,114,136,119,144,126,149,132,152,140,66,143,72,151,78,155,86,159,96,162,109,163,120,161,129,157,136,153,139,148,144,140,66,143,72,137,79,134,87,132,97,131,108,130,118,130,126,130,133,132,138,134,144,140,109,63,58,144,62,153,68,163,78,174,92,181,110,183,126,180,138,172,146,160,150,150,152,140,58,144,62,135,69,129,78,121,93,116,108,117,123,114,137,119,144,126,149,132,152,140,66,143,73,151,78,155,86,159,96,161,109,162,121,160,129,157,136,152,140,148,144,140,66,143,73,137,80,134,87,132,97,131,108,130,118,130,126,131,133,132,138,134,144,140,107,63,55,143,59,153,65,164,75,175,90,183,108,185,125,181,138,173,146,161,150,150,153,139,55,143,59,134,66,127,75,120,91,114,106,115,121,113,136,117,144,124,149,130,153,139,63,142,70,151,75,156,83,160,94,163,107,164,120,162,129,158,136,153,140,148,145,139,63,142,69,135,77,132,85,130,95,129,106,128,117,128,126,128,133,130,139,133,145,139,107,63,55,143,59,153,65,164,75,175,90,182,108,184,125,181,138,172,146,161,150,150,153,139,55,143,59,134,66,127,75,120,90,114,106,115,121,113,136,117,144,124,149,130,153,139,63,142,70,151,75,156,83,160,94,163,107,164,120,162,129,158,136,153,140,148,145,139,63,142,69,135,76,132,85,130,94,129,106,129,117,128,126,129,133,130,139,133,145,139,106,66,54,145,58,154,65,164,76,173,90,180,108,181,124,178,137,171,146,160,150,150,154,141,54,145,58,137,65,131,75,124,91,118,106,119,121,117,136,121,144,127,150,133,154,141,62,144,69,152,74,155,83,158,94,161,107,161,119,160,129,156,136,152,140,148,146,141,62,144,68,139,76,136,84,134,94,133,106,133,117,132,126,133,134,134,140,136,146,141,107,65,54,143,59,153,65,163,75,174,90,181,108,183,125,179,137,171,145,160,150,150,153,139,54,143,58,134,65,128,75,120,90,115,106,115,121,113,136,118,144,125,150,131,153,139,62,142,69,151,75,155,83,159,94,161,107,162,119,160,129,157,136,152,140,148,145,139,62,142,69,136,76,133,84,131,94,129,106,129,117,129,126,129,133,131,139,133,145,139,108,68,54,144,59,153,66,161,76,171,90,177,108,178,124,175,137,168,145,159,150,150,154,141,54,144,58,137,65,131,75,124,91,119,107,120,122,118,136,122,145,128,151,134,154,141,62,143,69,150,74,153,83,155,94,157,107,158,119,156,129,154,136,150,141,147,146,141,62,143,68,138,76,136,84,135,94,134,106,134,118,133,127,133,134,134,140,136,146,141,108,71,54,145,59,154,65,163,76,173,90,179,107,180,124,178,136,170,145,160,150,150,153,141,54,145,58,137,65,131,75,124,91,119,107,120,122,117,136,122,144,128,150,133,153,141,62,144,69,151,74,155,83,158,94,160,107,161,119,159,129,156,136,152,140,148,145,141,62,144,68,139,75,136,84,134,94,133,106,133,117,132,126,133,134,134,140,136,145,141,107,71,54,146,59,155,66,163,76,172,90,178,108,180,124,177,136,170,145,160,150,150,153,142,54,146,58,139,65,133,75,126,91,120,107,121,121,119,136,123,144,129,150,134,153,142,62,145,69,151,74,154,83,157,94,159,107,159,119,158,128,155,136,151,140,148,145,141,62,145,68,140,76,138,84,136,94,135,106,135,117,134,126,134,133,135,139,137,145,141,109,71,56,146,60,154,67,163,77,172,91,178,108,179,125,176,137,169,145,159,150,150,153,142,56,146,59,138,67,133,76,126,92,120,107,121,122,119,137,123,145,129,150,134,153,142,64,145,70,151,76,154,84,157,95,159,108,159,120,157,129,155,136,151,140,148,145,141,64,145,70,140,77,138,85,136,95,135,107,135,118,134,127,134,134,135,140,137,145,141,108,73,54,147,59,155,66,162,77,171,91,176,108,178,124,175,137,168,145,159,150,150,153,142,54,147,58,140,65,135,75,128,91,123,107,124,122,122,137,125,145,131,150,136,153,142,61,146,68,151,74,153,83,155,94,157,107,157,120,156,129,153,136,150,140,148,146,142,61,146,68,142,75,140,84,139,95,138,107,138,118,137,127,137,134,137,140,138,146,142,107,72,53,147,58,155,65,163,76,171,90,177,107,178,124,175,136,168,145,159,150,150,154,142,53,147,57,140,64,135,74,128,91,123,106,124,121,121,136,125,145,130,151,135,154,142,61,146,68,151,74,154,83,156,94,157,107,158,119,156,129,153,136,150,140,147,146,142,61,146,67,141,75,140,83,139,94,138,106,138,117,137,127,136,134,137,140,138,146,142,107,73,54,148,59,155,66,163,76,171,91,177,108,178,124,175,136,168,145,158,150,150,153,142,54,148,58,141,65,136,75,129,91,124,106,125,121,122,136,126,144,131,150,136,153,142,61,147,68,151,74,154,83,156,94,157,107,157,119,155,128,153,136,150,140,147,145,142,61,147,68,143,75,141,84,140,94,139,106,139,117,138,126,137,134,138,140,139,145,142,107,73,55,148,60,155,66,163,77,171,91,177,108,178,124,175,136,168,145,158,150,150,153,142,55,148,58,141,66,136,75,129,91,124,107,125,121,122,136,125,144,131,150,136,153,142,63,147,69,151,75,154,84,156,94,157,107,157,119,156,129,153,136,150,140,147,146,142,63,147,69,142,76,141,84,139,94,139,106,138,117,137,127,137,134,137,140,138,146,142,105,73,54,148,59,154,66,161,76,169,90,174,107,175,122,172,135,166,144,157,150,150,153,143,54,148,57,142,65,136,74,130,90,124,105,125,120,123,135,127,144,132,150,137,153,143,61,147,68,150,74,152,82,153,93,154,106,154,118,153,128,150,136,148,140,147,146,142,61,147,68,143,75,142,83,140,94,140,105,140,117,139,126,138,134,139,140,139,146,142
291,105,78,52,155,57,162,64,169,74,177,88,182,105,183,120,181,133,174,141,166,146,158,150,150,52,155,56,148,64,143,74,136,89,130,104,131,119,129,133,133,141,139,147,144,150,150,60,154,66,158,72,160,81,162,92,163,104,163,116,162,125,160,133,157,137,155,142,150,60,154,66,150,74,148,82,146,92,145,104,145,114,144,123,144,130,145,136,146,142,150,106,79,51,155,56,162,64,169,74,177,89,182,105,183,121,180,133,174,142,166,147,158,150,150,51,155,56,148,63,143,74,137,90,132,105,133,119,131,133,134,142,140,147,144,150,150,59,154,66,158,72,160,81,161,92,163,105,163,117,162,126,160,133,157,138,155,143,150,59,154,65,150,73,148,82,147,92,147,104,147,115,146,124,146,131,146,137,147,143,150,105,76,50,154,55,162,62,171,72,180,87,186,105,188,121,185,134,178,142,168,147,159,150,150,50,154,54,146,62,140,72,134,88,128,104,129,119,127,133,131,141,137,147,142,150,150,58,153,65,159,71,162,80,165,91,167,104,168,116,166,126,163,133,160,137,156,143,149,58,153,65,148,72,146,81,144,91,143,103,143,114,142,123,142,131,143,137,145,143,149,105,77,51,155,56,164,63,173,73,182,88,188,105,189,122,186,134,179,142,169,147,159,150,150,51,155,55,147,63,141,73,134,89,128,104,129,119,127,133,131,141,137,147,143,150,150,59,154,66,161,72,164,81,167,91,169,105,169,117,167,126,164,133,161,137,157,142,150,59,154,66,149,73,146,82,144,92,143,104,143,115,142,124,142,131,143,136,145,142,150,104,77,50,155,55,164,62,173,72,183,87,189,105,191,121,187,134,180,142,169,147,159,150,150,50,155,54,147,62,141,71,134,88,128,103,129,118,126,133,130,141,136,147,142,150,150,58,154,65,161,71,165,80,168,91,170,104,171,116,169,126,165,133,161,137,157,142,150,58,154,64,148,72,146,81,144,91,143,103,142,114,142,123,142,130,143,136,145,142,150,104,77,50,155,55,165,62,174,72,184,87,190,105,191,121,188,134,180,142,170,147,160,150,150,50,155,54,147,62,141,71,134,88,128,103,129,118,126,133,130,141,136,147,142,150,150,58,154,65,162,71,165,80,169,91,171,104,171,116,169,126,166,133,162,137,158,142,150,58,154,64,149,72,146,81,144,91,143,103,142,114,141,123,142,130,143,136,145,142,150,105,77,50,155,54,165,61,174,72,184,87,190,105,191,122,188,134,180,143,170,147,160,150,150,50,155,54,147,61,141,71,134,88,128,104,129,119,126,134,130,142,136,147,142,150,150,58,154,65,162,71,165,80,168,91,171,104,171,117,169,126,166,133,162,137,158,142,150,58,154,64,149,72,146,80,144,91,143,103,142,114,142,124,142,131,143,137,145,142,150,103,74,48,156,52,165,59,175,70,185,85,192,103,194,121,190,134,182,142,171,147,161,150,150,48,156,52,147,59,140,69,133,86,127,102,127,117,125,132,129,141,136,146,142,150,150,56,155,63,163,69,167,78,170,89,172,103,173,115,171,125,167,132,163,136,159,141,150,56,155,62,149,70,146,79,143,89,142,102,141,113,141,122,141,129,142,135,145,141,150,104,74,48,155,53,164,60,174,71,184,86,190,104,192,121,188,134,181,142,170,147,160,150,150,48,155,53,147,60,140,70,133,86,127,103,128,118,125,133,130,141,136,147,142,150,150,56,154,64,161,69,165,78,168,90,170,103,171,116,169,125,166,132,162,137,158,142,150,56,154,63,148,71,146,79,144,90,143,102,142,113,141,123,142,130,143,136,145,142,150,104,75,49,155,53,165,60,174,71,184,86,191,104,192,121,189,134,181,143,170,147,160,150,150,49,155,53,147,60,140,70,133,87,127,103,128,118,125,133,130,141,136,147,142,150,150,57,154,64,162,70,165,79,169,90,171,104,171,116,169,126,166,133,162,137,158,142,150,57,154,63,148,71,146,80,144,90,142,103,142,114,141,123,142,130,143,136,145,142,150,104,75,48,156,53,165,60,175,71,185,86,191,104,193,122,190,134,182,143,171,147,160,150,150,48,156,52,147,60,141,70,134,87,128,103,128,118,126,133,130,141,136,147,142,150,150,56,155,63,162,69,166,79,170,90,172,104,172,116,170,126,167,133,163,137,158,142,150,56,155,63,149,71,146,80,144,90,143,103,142,114,142,123,142,130,143,136,145,142,150,103,75,48,155,53,165,60,175,71,186,86,193,104,194,122,191,134,182,143,171,147,160,150,150,48,155,53,147,60,140,70,133,86,127,103,128,118,125,133,129,141,136,147,142,150,150,56,154,64,163,69,167,79,171,90,173,104,174,116,172,126,168,133,163,137,159,142,150,56,154,63,148,71,145,80,143,90,142,102,141,114,141,123,141,130,142,136,144,142,150,102,76,47,155,52,165,59,175,70,185,85,192,103,194,120,190,133,182,142,171,146,160,150,150,47,155,51,147,59,140,69,133,85,127,101,128,117,125,132,130,140,136,146,142,150,150,55,154,62,163,68,167,77,170,88,173,102,173,115,171,125,168,132,163,136,159,141,150,55,154,61,148,69,145,78,143,89,142,101,141,112,141,122,141,129,142,135,144,141,150,103,76,48,156,53,165,60,175,71,186,86,192,104,194,121,190,134,182,142,171,147,161,150,150,48,156,52,147,60,141,70,134,86,128,103,129,118,126,133,130,141,136,147,142,150,150,56,155,63,163,69,167,78,171,89,173,103,174,116,172,125,168,133,163,137,159,142,150,56,155,63,149,70,146,79,144,90,143,102,142,113,141,123,142,130,143,136,145,142,150,102,76,48,156,53,165,60,175,71,185,86,191,104,193,121,189,134,181,142,171,147,160,150,150,48,156,52,148,60,141,70,134,86,128,102,129,117,126,132,130,141,137,147,142,150,150,56,155,63,163,69,166,78,170,89,172,103,173,116,170,125,167,133,163,137,159,142,150,56,155,63,149,70,146,79,144,90,143,102,143,113,142,123,142,130,143,136,145,142,150,102,76,48,156,53,165,60,175,71,185,86,191,104,192,121,189,134,181,142,170,147,160,150,150,48,156,52,147,60,141,70,134,86,128,102,129,117,126,132,130,141,137,147,142,150,150,56,155,63,162,69,166,78,170,89,172,103,172,116,170,125,167,133,163,137,158,142,150,56,155,62,149,70,146,79,144,90,143,102,142,113,142,123,142,130,143,136,145,142,150,102,75,48,155,53,165,60,176,70,186,85,193,104,195,121,192,134,183,142,172,147,161,150,150,48,155,52,146,60,140,69,132,86,126,102,127,117,125,132,129,140,136,146,142,150,150,56,154,63,163,69,167,78,171,89,174,103,175,116,173,125,169,132,164,136,160,141,150,56,154,63,148,70,145,79,142,89,141,102,141,113,140,122,141,129,142,135,145,141,150,102,75,47,155,52,166,59,176,70,187,84,194,103,196,120,193,133,184,142,172,146,161,150,150,47,155,51,146,59,140,69,133,85,127,101,128,117,126,132,130,140,136,146,142,150,150,55,154,62,164,68,168,77,172,88,175,102,176,115,174,125,170,132,165,136,160,141,150,55,154,62,148,69,145,78,143,89,142,101,141,112,141,122,141,129,142,135,144,141,150,103,76,51,155,55,166,62,177,72,189,86,196,105,198,122,194,135,186,143,173,147,162,150,150,51,155,55,145,62,139,71,131,87,126,103,126,118,124,133,128,141,135,146,141,150,150,59,154,66,164,71,169,80,174,90,177,104,178,116,176,126,172,132,166,136,161,141,150,59,154,65,147,72,144,81,141,91,140,103,139,114,139,123,139,130,141,135,144,141,150,104,76,50,155,55,167,61,178,72,190,86,197,105,199,122,195,135,186,143,174,147,162,150,150,50,155,54,146,61,139,71,132,87,126,103,126,119,124,134,128,141,135,147,141,150,150,59,155,66,165,71,170,80,175,90,178,104,179,117,176,126,172,133,167,137,161,142,151,59,155,65,147,72,144,81,141,91,140,103,140,114,139,123,139,130,141,136,144,142,151,105,77,52,155,57,166,63,177,73,188,88,196,106,197,123,194,135,185,143,173,147,161,150,150,52,155,56,146,63,140,72,133,88,127,104,127,119,125,134,129,141,136,147,142,150,150,61,154,67,164,73,169,81,173,92,176,105,177,117,175,126,171,133,166,137,160,142,150,61,154,67,147,74,144,82,142,92,141,104,140,115,140,124,140,130,142,136,144,142,150,104,76,51,154,56,165,62,176,72,187,87,194,105,196,122,193,135,184,142,172,147,161,150,150,51,154,55,145,62,139,72,131,87,126,103,126,118,124,133,129,141,135,146,141,150,150,60,153,66,163,72,167,80,172,91,175,104,176,117,174,126,170,132,165,136,160,141,150,60,153,66,146,73,143,81,141,91,140,103,140,114,139,123,140,130,141,135,144,141,150,105,74,54,153,58,163,64,173,74,184,89,191,106,193,123,190,135,181,143,170,147,160,150,150,54,153,58,145,65,139,74,132,89,126,105,127,119,125,133,129,141,135,146,141,150,150,62,152,69,161,74,165,82,169,93,172,105,172,117,170,126,167,133,162,137,158,141,149,62,152,68,146,75,144,83,142,93,141,104,141,115,140,123,140,130,142,136,144,141,149,105,74,54,154,58,164,64,174,74,185,89,192,106,194,123,190,135,182,143,170,147,160,150,150,54,154,58,145,65,139,74,132,89,126,105,127,119,125,134,129,141,136,147,141,150,150,62,153,69,161,74,165,82,170,92,172,105,173,118,171,127,167,133,163,137,158,142,150,62,153,68,147,75,144,83,142,93,141,105,141,115,140,124,141,130,142,136,144,142,150,106,73,56,154,60,163,66,173,76,183,90,190,107,192,124,189,136,181,144,170,148,160,150,150,56,154,60,145,66,139,75,132,90,126,106,127,120,125,134,129,142,136,147,142,150,150,64,152,70,160,75,164,83,168,94,171,106,172,118,170,127,166,134,162,138,158,142,150,64,152,70,147,77,144,85,142,94,141,105,141,116,140,124,141,131,142,137,144,142,150,106,74,55,153,59,163,65,172,75,183,89,189,107,191,123,188,135,180,143,169,147,159,150,150,55,153,59,145,66,139,75,133,90,127,105,128,120,126,134,130,142,136,147,142,150,150,63,152,69,160,75,164,83,167,93,170,106,171,118,169,127,165,134,161,137,157,142,149,63,152,69,147,76,145,84,143,94,142,105,142,116,141,124,141,131,143,136,144,142,149,106,74,54,154,59,163,65,172,75,182,89,189,106,190,123,187,135,180,143,169,147,159,150,150,54,154,58,146,66,140,75,133,90,128,105,129,120,126,134,131,141,137,147,142,150,150,62,152,69,160,74,163,82,167,93,169,106,170,118,168,127,165,133,161,137,157,142,150,62,152,69,147,76,145,84,144,94,143,105,143,115,142,124,142,131,143,136,145,142,150,107,75,55,153,59,162,65,172,75,182,89,188,106,190,122,187,135,179,143,168,147,159,150,150,55,153,59,146,66,140,75,133,90,128,105,129,120,126,134,131,141,137,147,142,150,150,63,152,69,159,74,163,83,166,93,168,106,169,117,167,126,164,133,160,137,157,142,150,63,152,69,147,76,145,84,144,94,143,105,143,115,142,124,142,131,143,136,145,142,150,107,73,56,154,60,164,66,174,76,185,90,192,107,194,124,191,136,182,144,171,148,160,150,150,56,154,60,145,67,139,75,131,91,125,106,126,120,124,134,129,142,136,147,142,150,150,64,153,70,161,76,165,84,169,94,172,107,173,118,171,127,167,134,163,137,159,142,150,64,153,70,147,77,144,85,142,95,141,106,140,116,140,124,140,131,142,136,144,142,150,107,73,56,154,60,163,66,173,76,184,90,191,108,193,124,190,136,182,144,170,148,160,150,150,56,154,60,145,67,139,76,131,91,126,106,127,121,124,135,129,142,136,147,142,150,150,64,153,71,161,76,165,84,169,94,171,107,172,119,170,127,167,134,162,138,158,142,150,64,153,71,147,78,144,85,142,95,141,106,140,116,140,124,141,131,142,136,144,142,150,104,74,52,154,56,164,62,175,72,186,87,194,105,196,122,192,135,184,143,172,147,161,150,150,52,154,56,145,63,138,72,131,88,125,103,126,119,124,133,128,141,135,147,141,150,150,60,153,67,162,72,167,80,171,91,174,104,175,117,173,126,169,133,164,137,159,142,150,60,153,66,146,74,143,82,141,92,140,103,139,114,139,123,139,130,141,136,144,142,150,104,74,52,154,56,164,62,175,72,186,87,193,105,195,122,192,135,183,143,172,147,161,150,150,52,154,56,145,63,138,72,131,87,125,103,126,118,124,133,128,141,135,146,141,150,150,60,153,67,162,72,167,80,171,91,174,104,175,117,173,126,169,133,164,137,159,142,150,60,153,66,146,73,143,82,141,91,140,103,139,114,139,123,140,130,141,136,144,142,150,103,75,50,154,55,163,61,173,72,183,86,189,104,191,120,187,133,180,142,169,146,159,150,150,50,154,54,146,61,140,71,133,87,127,102,128,117,126,132,130,140,136,146,142,150,150,58,153,65,161,70,164,79,167,90,170,103,170,115,169,125,165,132,161,136,157,142,150,58,153,64,148,72,145,80,143,90,142,102,142,113,141,122,141,130,143,136,145,142,150,104,76,51,154,56,164,62,174,72,185,87,192,105,194,122,190,134,182,142,171,147,161,150,150,51,154,55,145,62,139,72,131,87,126,103,126,118,124,133,129,141,136,147,142,150,150,59,153,66,162,72,166,80,170,91,172,104,173,116,171,126,168,133,163,137,159,142,150,59,153,66,147,73,144,81,142,91,140,103,140,114,140,123,140,130,142,136,144,142,150,104,77,50,153,55,162,62,170,72,180,86,186,104,187,120,184,133,177,141,167,146,158,150,150,50,153,54,146,61,140,71,133,87,128,103,129,118,127,132,131,141,137,147,142,150,150,58,152,65,158,70,161,79,164,90,166,103,167,115,165,125,163,132,159,137,156,142,150,58,152,64,147,72,145,80,144,90,143,102,143,114,142,123,142,130,143,136,145,142,150,105,80,51,154,55,163,62,172,73,182,87,188,104,190,121,187,133,179,142,169,147,159,150,150,51,154,55,146,62,140,72,133,88,128,104,129,119,126,133,131,141,137,147,142,150,150,59,153,66,160,71,164,80,167,91,169,104,170,116,168,125,165,133,161,137,157,142,150,59,153,65,148,72,145,81,143,91,142,103,142,114,141,123,142,131,143,137,145,142,150,104,79,51,154,56,163,62,171,73,180,87,186,104,188,121,185,133,178,142,168,147,158,150,150,51,154,55,147,62,141,72,134,88,128,104,129,118,127,133,131,141,137,147,142,150,150,59,153,66,159,71,162,80,165,91,167,104,167,116,166,125,163,133,159,137,156,142,149,59,153,65,148,72,146,81,144,91,143,103,143,114,142,123,142,130,143,136,145,142,149,106,80,53,154,57,162,64,171,74,180,88,186,105,187,122,184,134,177,142,167,147,158,150,150,53,154,56,146,64,140,73,134,89,128,104,129,119,127,134,131,142,137,147,142,150,150,61,153,67,159,73,162,81,165,92,167,105,167,117,165,126,163,133,159,137,156,142,149,61,153,67,148,74,146,82,144,92,143,104,143,115,142,124,142,131,143,137,145,142,149,105,81,51,155,56,163,63,170,74,179,88,184,105,186,121,183,134,176,142,167,147,158,150,150,51,155,55,148,62,143,72,136,88,131,104,132,119,130,134,133,142,139,147,144,150,150,59,154,65,159,71,161,80,163,91,165,104,165,116,164,126,161,133,158,137,156,143,150,59,154,65,150,72,148,81,147,92,146,104,146,115,145,124,145,131,145,137,146,143,150,103,80,49,155,54,163,61,171,72,179,86,185,104,186,120,183,132,176,141,167,146,158,150,150,49,155,53,148,61,143,70,136,87,131,102,132,117,129,132,133,141,138,147,143,150,150,57,154,64,159,70,162,79,164,90,165,103,166,115,164,125,161,132,158,136,155,142,150,57,154,63,149,71,148,79,147,90,146,102,146,113,145,123,144,130,145,136,146,142,150,104,81,51,156,56,163,63,171,73,179,88,185,105,186,121,183,133,176,142,166,147,158,150,150,51,156,55,149,62,144,72,137,88,132,103,133,118,130,133,134,141,139,147,144,150,150,58,155,65,159,71,162,80,164,91,165,104,165,116,163,125,161,133,158,137,155,142,150,58,155,65,150,72,149,81,148,91,147,103,147,114,146,123,145,131,146,137,147,142,150,104,81,52,156,56,163,63,171,74,179,88,185,105,186,121,183,133,176,142,166,147,158,150,150,52,156,55,149,63,144,72,137,88,132,104,133,118,130,133,133,141,139,147,144,150,150,59,155,66,159,72,162,81,164,91,165,104,165,116,164,126,161,133,158,137,155,143,150,59,155,66,150,73,149,81,147,91,147,103,146,114,145,124,145,131,145,137,146,143,150,102,80,51,155,56,161,63,168,73,176,87,181,104,182,119,179,132,173,141,164,147,157,150,150,51,155,54,149,62,143,71,137,87,131,102,132,117,130,132,134,141,139,147,144,150,150,58,154,65,157,71,158,79,160,90,161,103,161,115,159,125,157,133,155,137,154,143,149,58,154,65,150,72,149,80,147,91,147,102,147,114,146,123,145,131,146,137,146,143,149
61,203,73,150,150,155,157,162,164,172,172,186,177,203,178,218,176,231,169,239,161,244,153,248,145,150,150,154,143,162,138,172,131,187,125,202,126,217,124,231,128,239,134,245,139,248,145,158,149,164,153,170,155,179,157,190,158,202,158,214,157,223,155,231,152,235,150,240,145,158,149,164,145,172,143,180,141,190,140,202,140,212,139,221,139,229,140,234,141,240,145,205,74,150,150,155,157,163,164,174,172,188,177,204,178,220,175,232,169,241,161,246,153,250,145,150,150,155,143,162,138,173,132,189,127,204,128,218,126,233,129,241,135,247,140,250,145,158,149,165,153,171,155,180,157,191,158,204,158,216,157,225,155,232,152,237,150,242,145,158,149,164,145,172,143,181,142,191,142,203,142,214,141,223,141,230,141,236,142,242,145,205,71,150,150,155,158,162,167,172,176,187,183,205,184,221,181,234,174,242,164,247,155,251,146,150,150,154,142,162,136,172,130,188,124,204,125,219,123,233,127,241,133,247,138,251,146,158,149,165,155,171,159,180,161,191,163,204,164,216,162,226,159,233,156,237,152,243,145,158,149,165,144,172,142,181,140,191,139,203,139,214,138,223,138,231,139,237,141,243,145,204,72,150,150,155,159,162,168,172,177,187,183,204,185,220,181,233,174,241,164,246,154,249,145,150,150,154,142,162,136,172,129,188,123,203,124,218,122,232,126,240,132,246,138,249,145,158,149,165,156,171,159,179,162,190,164,204,164,216,162,225,159,232,156,236,152,241,145,158,149,165,144,172,141,181,139,191,138,203,138,214,137,222,137,229,138,235,140,241,145,204,72,150,150,155,159,162,169,172,178,187,184,205,186,221,183,234,175,242,164,247,154,250,145,150,150,154,142,162,136,171,129,188,123,203,124,218,121,233,125,241,131,247,137,250,145,158,149,165,156,171,160,180,163,190,165,204,166,216,164,226,161,233,157,237,153,242,145,158,149,164,143,172,141,181,139,191,138,203,137,214,137,223,137,230,138,236,140,242,145,204,72,150,150,155,160,162,169,172,179,187,185,205,187,221,183,234,176,242,165,247,155,250,145,150,150,154,142,162,136,171,129,188,123,203,124,218,121,233,125,241,131,247,137,250,145,158,149,165,157,171,160,180,164,191,166,204,166,216,164,226,161,233,157,237,153,242,145,158,149,165,144,172,141,181,139,191,138,203,137,214,137,223,137,230,138,236,140,242,145,204,71,150,150,155,159,161,168,172,178,187,184,205,185,222,182,234,174,243,164,247,154,250,144,150,150,154,141,161,135,171,128,188,122,204,123,219,120,234,124,242,130,247,136,250,144,158,149,165,156,171,159,180,162,191,164,204,165,217,163,226,160,233,156,237,152,242,144,158,149,164,143,172,140,180,138,191,137,203,136,214,136,224,136,231,137,237,139,242,144,205,68,150,150,154,160,161,169,172,180,187,186,205,188,223,184,236,176,244,165,249,155,252,144,150,150,154,141,161,134,171,127,188,121,204,121,219,119,234,123,243,130,248,136,252,144,158,149,165,157,171,161,180,164,191,166,205,167,217,165,227,161,234,157,238,153,243,144,158,149,165,143,172,140,181,137,191,136,204,135,215,135,224,135,231,137,237,139,243,144,206,70,150,150,155,159,162,169,173,179,188,185,206,187,223,183,236,176,244,165,249,155,252,145,150,150,154,142,162,135,172,128,188,122,205,123,220,120,235,125,243,131,249,137,252,145,158,149,166,156,171,160,180,163,192,165,205,166,218,164,227,161,234,157,239,153,244,145,158,149,165,143,173,141,181,139,192,138,204,137,215,136,225,137,232,138,238,140,244,145,205,70,150,150,154,160,161,169,172,179,187,186,205,187,222,184,235,176,244,165,248,155,251,145,150,150,154,142,161,135,171,128,188,122,204,123,219,120,234,125,242,131,248,137,251,145,158,149,165,157,171,160,180,164,191,166,205,167,217,165,227,161,234,157,238,153,243,145,158,149,164,143,172,141,181,139,191,137,204,137,215,136,224,136,231,138,237,140,243,145,206,69,150,150,155,159,162,169,173,179,188,185,206,187,224,184,236,176,245,165,249,154,252,144,150,150,154,141,162,135,172,128,189,122,205,122,220,120,235,124,243,130,249,136,252,144,158,149,165,156,171,160,181,164,192,166,206,166,218,164,228,161,235,157,239,152,244,144,158,149,165,143,173,140,182,138,192,137,205,136,216,136,225,136,232,137,238,139,244,144,205,70,150,150,155,160,162,170,173,181,188,188,206,189,224,186,236,178,245,166,249,155,252,145,150,150,155,142,162,135,172,128,189,122,205,123,220,120,235,124,243,131,249,137,252,145,158,149,166,158,171,162,181,166,192,168,206,169,218,167,228,163,235,158,239,154,244,145,158,149,165,143,173,140,182,138,192,137,204,136,216,136,225,136,232,137,238,139,244,145,205,71,150,150,155,160,162,170,173,180,188,187,206,189,223,185,236,177,245,166,249,155,252,145,150,150,154,142,162,135,172,128,188,122,204,123,220,120,235,125,243,131,249,137,252,145,158,149,165,158,171,162,180,165,191,168,205,169,218,166,228,163,235,158,239,154,244,145,158,149,164,143,172,140,181,138,192,137,204,136,215,136,225,136,232,137,238,139,244,145,205,70,150,150,155,159,162,169,173,180,188,186,206,188,223,184,236,176,244,165,249,155,252,144,150,150,154,141,162,135,172,128,188,122,205,123,220,120,235,124,243,130,249,136,252,144,158,149,165,157,171,161,180,165,191,167,205,168,218,166,227,162,235,157,239,153,244,144,158,149,165,143,172,140,181,138,192,137,204,136,215,135,225,136,232,137,238,139,244,144,204,70,150,150,155,159,162,169,173,179,188,185,206,187,223,183,236,175,244,165,249,154,252,144,150,150,154,142,162,135,172,128,188,122,204,123,219,120,234,124,243,131,249,136,252,144,158,149,165,157,171,160,180,164,191,166,205,167,218,165,227,161,235,157,239,153,244,144,158,149,165,143,172,140,181,138,192,137,204,137,215,136,225,136,232,137,238,139,244,144,204,70,150,150,155,159,162,169,173,179,188,185,206,186,223,183,236,175,244,164,249,154,252,144,150,150,154,142,162,135,172,128,188,122,204,123,219,120,234,124,243,131,249,136,252,144,158,149,165,156,171,160,180,163,191,166,205,166,218,164,227,161,235,157,239,152,244,144,158,149,164,143,172,140,181,138,191,137,204,137,215,136,225,136,232,137,238,139,244,144,204,70,150,150,155,160,162,171,172,181,187,188,206,190,223,187,236,178,244,167,249,156,252,145,150,150,154,141,162,135,171,127,188,121,204,122,219,120,234,124,242,131,248,137,252,145,158,149,165,158,171,162,180,166,191,169,205,170,218,168,227,164,234,159,238,155,243,145,158,149,165,143,172,140,181,137,191,136,204,136,215,135,224,135,231,137,237,139,243,145,205,70,150,150,155,161,162,171,172,182,187,189,206,191,223,187,236,179,245,167,249,156,253,145,150,150,154,141,162,135,172,128,188,122,204,123,220,121,235,125,243,131,249,137,253,145,158,149,165,158,171,163,180,167,191,170,205,171,218,169,228,165,235,160,239,155,244,145,158,149,165,143,172,140,181,138,192,137,204,136,215,136,225,136,232,137,238,139,244,145,202,71,150,150,154,161,161,172,171,183,185,191,204,193,221,189,234,181,242,168,246,157,249,145,150,150,154,140,161,134,170,126,186,121,202,121,217,119,232,123,240,130,245,136,249,145,158,149,165,159,170,164,179,169,189,172,203,173,215,171,225,166,231,161,235,156,240,145,158,149,164,142,171,139,180,136,190,135,202,134,213,134,222,134,229,136,234,139,240,145,204,71,150,150,155,162,161,173,172,185,186,192,205,194,222,190,235,181,243,169,247,157,250,145,150,150,154,141,161,134,171,127,187,121,203,121,219,119,234,123,241,130,247,136,250,145,159,149,166,160,171,165,180,170,190,173,204,174,217,172,226,167,233,162,237,156,242,146,159,149,165,142,172,139,181,136,191,135,203,134,214,134,223,134,230,136,236,139,242,146,203,72,150,150,155,161,161,172,171,183,186,191,204,192,221,189,233,180,241,168,245,156,248,145,150,150,154,141,161,135,170,127,186,122,202,122,217,120,232,124,239,131,245,137,248,145,159,149,165,159,171,164,179,168,190,171,203,172,215,170,224,166,231,161,235,155,240,145,159,149,165,142,172,139,180,137,190,136,202,135,213,135,222,135,228,137,234,139,240,145,203,72,150,150,155,161,161,172,171,183,186,190,204,192,221,189,234,180,241,168,246,157,249,146,150,150,154,141,161,134,171,127,186,122,202,122,217,120,232,125,240,131,245,137,249,146,159,149,165,159,171,164,179,168,190,171,203,172,216,170,225,166,231,161,235,156,240,146,159,149,165,142,172,139,180,137,190,136,202,136,213,135,222,136,229,137,234,140,240,146,201,70,150,150,154,160,160,170,170,181,185,188,202,190,219,187,231,178,239,167,243,157,245,147,150,150,154,142,161,136,170,128,185,123,201,124,215,121,229,126,237,132,242,138,245,147,158,149,165,158,170,162,178,166,189,169,201,169,213,167,222,164,229,159,233,155,237,146,158,149,164,143,171,141,179,139,189,138,200,137,211,137,219,137,226,139,232,141,237,146,201,70,150,150,154,160,160,170,170,181,185,188,202,190,219,186,231,178,239,167,243,156,246,146,150,150,154,141,161,135,170,128,185,122,201,123,215,121,230,125,237,132,243,138,246,146,158,149,165,157,170,162,178,166,188,168,201,169,214,167,223,164,229,159,233,154,238,146,158,149,164,143,171,140,179,138,189,137,201,137,211,136,220,137,226,138,232,140,238,146,200,69,150,150,154,159,160,169,170,179,184,186,201,188,217,185,230,177,238,166,242,156,244,146,150,150,154,141,160,135,169,128,184,122,200,123,214,121,228,125,236,132,241,138,244,146,158,148,164,156,169,160,177,164,188,167,200,168,212,166,221,162,228,158,232,154,236,146,158,148,164,143,171,140,179,138,188,137,199,137,210,136,218,137,225,138,230,140,236,146,201,71,150,150,154,160,160,169,170,180,184,186,202,188,218,185,230,177,238,166,242,156,245,147,150,150,154,142,161,136,170,130,185,124,200,125,215,123,229,127,237,133,242,139,245,147,158,149,164,157,170,161,178,164,188,167,201,168,213,166,222,162,229,158,232,154,237,146,158,149,164,144,171,142,179,140,189,139,200,139,211,138,219,138,226,140,231,141,237,146,202,70,150,150,155,159,161,168,171,178,185,185,202,186,219,183,231,175,239,165,243,155,246,146,150,150,154,142,162,136,171,129,186,124,201,125,216,122,230,127,237,133,243,138,246,146,158,148,165,156,170,159,178,162,189,165,202,166,214,164,223,161,229,157,233,153,238,146,158,148,165,143,172,141,180,140,190,139,201,139,211,138,220,138,227,139,232,141,238,146,202,72,150,150,154,159,160,169,170,179,184,185,201,187,217,184,230,176,238,165,242,156,245,147,150,150,154,143,161,137,170,130,185,125,200,126,215,123,229,128,236,134,242,139,245,147,158,149,164,156,169,160,178,163,188,165,201,166,212,164,221,161,228,157,232,154,237,146,158,149,164,144,171,142,179,141,189,140,200,140,210,139,219,139,226,140,231,142,237,146,201,69,150,150,154,160,160,170,170,181,184,188,201,190,218,187,230,178,238,167,242,156,244,146,150,150,154,141,161,135,169,127,185,121,200,122,214,120,228,125,236,132,241,138,244,146,158,149,164,157,170,161,178,165,188,168,201,169,213,167,221,163,228,159,231,155,236,146,158,149,164,143,171,140,179,138,189,137,200,136,210,136,218,136,225,138,230,140,236,146,201,69,150,150,154,159,160,169,170,180,184,187,202,189,218,186,230,178,238,166,242,156,244,146,150,150,154,141,161,135,170,127,185,122,200,123,215,120,229,125,236,132,241,138,244,146,158,149,165,157,170,161,178,165,188,167,201,168,213,166,221,163,228,158,232,154,236,146,158,149,165,143,172,140,179,138,189,137,200,137,210,136,218,137,225,138,230,140,236,146,202,70,150,150,154,160,160,171,170,182,185,190,203,192,220,188,233,180,241,168,245,157,248,146,150,150,154,141,161,134,170,127,186,121,201,122,217,120,231,124,239,131,245,137,248,146,158,149,165,158,170,163,178,167,189,170,202,171,215,169,224,165,231,160,235,155,240,146,158,149,165,142,172,139,180,137,190,136,201,135,212,135,221,135,228,137,234,140,240,146,202,70,150,150,154,160,160,171,170,182,185,189,203,191,220,188,233,179,241,168,245,157,248,146,150,150,154,141,161,134,170,127,185,121,201,122,216,120,231,124,239,131,244,137,248,146,158,149,165,158,170,163,178,167,189,170,202,171,215,169,224,165,231,160,235,155,240,146,158,149,164,142,171,139,180,137,189,136,201,135,212,135,221,136,228,137,234,140,240,146,202,71,150,150,155,159,161,169,172,178,186,185,204,187,220,183,233,176,241,165,246,155,250,146,150,150,154,142,161,136,171,129,187,123,202,124,217,122,232,126,240,132,246,138,250,146,158,149,165,157,170,160,179,163,190,166,203,166,215,165,225,161,232,157,236,154,242,146,158,149,164,144,172,141,180,139,190,138,202,138,213,137,222,138,230,139,236,141,242,146,203,72,150,150,155,160,161,170,171,181,186,188,203,190,221,186,233,178,241,167,246,157,249,146,150,150,154,141,161,135,171,127,186,122,202,122,217,120,232,125,240,132,246,138,249,146,158,149,165,158,171,162,179,166,190,169,203,169,215,167,225,164,232,159,236,155,241,146,158,149,165,143,172,140,180,138,190,136,202,136,213,136,222,136,229,138,235,140,241,146,204,74,150,150,155,159,162,167,172,177,186,183,204,184,220,181,233,174,241,165,246,155,250,147,150,150,154,143,161,137,171,130,187,125,203,126,218,124,232,128,241,134,247,140,250,147,158,149,165,156,170,158,179,161,190,163,203,164,215,162,225,160,232,156,237,153,242,147,158,149,164,144,172,142,180,141,190,140,202,140,214,139,223,139,230,140,236,142,242,147,204,76,150,150,155,159,161,168,172,178,186,184,203,186,220,183,232,175,241,165,246,155,249,146,150,150,154,142,161,136,171,129,187,124,203,125,218,122,232,127,240,133,246,138,249,146,158,149,165,156,170,160,179,163,190,165,203,166,215,164,225,161,232,157,236,153,241,146,158,149,164,144,171,141,180,139,190,138,202,138,213,137,222,138,230,139,236,141,241,146,203,75,150,150,155,159,161,167,172,176,186,182,204,184,220,181,232,174,241,164,246,154,249,146,150,150,154,143,161,137,171,130,187,124,203,125,217,123,232,127,240,133,246,138,249,146,158,149,165,155,170,158,179,161,190,163,203,163,215,162,224,159,232,155,236,152,241,145,158,149,164,144,171,142,180,140,190,139,202,139,213,138,222,138,229,139,235,141,241,145,203,76,150,150,154,158,161,167,171,176,185,182,202,183,219,180,231,173,239,163,244,154,247,146,150,150,153,142,161,137,170,130,186,124,201,125,216,123,231,127,239,133,244,138,247,146,158,149,164,155,170,158,178,161,189,163,202,163,214,161,223,159,230,155,234,152,239,145,158,149,164,144,171,142,179,140,189,139,201,139,212,138,221,138,228,139,234,141,239,145,204,76,150,150,155,158,162,165,173,174,187,179,204,181,220,178,233,171,241,162,246,153,249,145,150,150,154,143,161,138,171,131,187,126,203,127,218,125,233,128,241,134,247,139,249,145,158,149,165,154,170,156,179,158,190,160,203,160,216,159,225,156,232,153,236,151,242,145,158,149,164,145,171,143,180,142,191,141,203,141,214,140,223,140,230,140,236,141,242,145,204,75,150,150,155,158,162,166,173,174,187,180,204,181,221,178,233,171,242,162,247,153,251,145,150,150,154,143,161,138,171,131,188,126,203,127,218,124,233,128,242,133,248,138,251,145,158,149,165,154,171,157,180,159,191,160,204,161,216,159,226,156,233,153,237,150,243,145,158,149,164,144,172,143,180,142,191,141,203,141,214,140,224,139,231,140,237,141,243,145,203,75,150,150,155,157,162,165,172,173,187,179,204,180,220,177,232,170,241,160,246,152,249,144,150,150,153,143,161,138,171,131,187,126,202,127,217,124,232,128,240,133,246,138,249,144,157,149,164,153,170,156,179,158,190,159,203,159,215,157,224,155,232,152,236,149,241,144,157,149,164,144,171,143,180,142,190,141,202,141,213,140,222,139,230,140,236,141,241,144,202,75,150,150,154,157,161,165,172,173,186,179,203,180,219,177,231,170,240,160,245,152,248,144,150,150,153,143,161,138,170,131,186,126,202,127,216,124,231,128,239,133,245,138,248,144,158,149,164,153,170,156,179,158,189,159,202,159,214,158,224,155,231,152,235,149,241,144,158,149,164,144,171,143,179,142,189,141,201,140,212,140,222,139,229,140,235,140,241,144,201,75,150,150,155,156,162,163,172,171,186,176,203,177,218,174,231,168,240,159,246,152,249,145,150,150,153,144,161,138,170,132,186,126,201,127,216,125,231,129,240,134,246,139,249,145,157,149,164,152,170,153,178,155,189,156,202,156,214,154,224,152,232,150,236,149,242,145,157,149,164,145,171,144,179,142,190,142,201,142,213,141,222,140,230,141,236,142,242,145
185,199,80,146,157,151,164,158,171,168,179,182,184,199,185,214,183,227,176,235,168,240,160,244,152,146,157,150,150,158,145,168,138,183,132,198,133,213,131,227,135,235,141,241,146,244,152,154,156,160,160,166,162,175,164,186,165,198,165,210,164,219,162,227,159,231,157,236,152,154,156,160,152,168,150,176,148,186,147,198,147,208,146,217,146,224,147,230,148,236,152,200,81,145,157,150,164,158,171,168,179,183,184,199,185,215,182,227,176,236,168,241,160,245,152,145,157,150,150,157,145,168,139,184,134,199,135,213,133,227,136,236,142,241,146,245,152,153,156,160,160,166,162,175,164,186,165,199,165,211,164,220,162,227,159,232,157,237,152,153,156,159,152,167,150,176,149,186,149,198,149,209,148,218,148,225,148,231,149,237,152,201,80,146,158,151,166,158,175,168,184,183,190,201,192,217,189,230,182,238,172,243,163,246,153,146,158,150,150,158,144,168,138,184,132,200,133,215,131,229,135,237,141,243,146,246,153,154,157,161,163,167,166,176,169,187,171,200,172,212,170,222,167,229,164,233,160,239,153,154,157,161,152,168,150,177,148,187,147,199,147,210,146,219,146,227,147,233,149,239,153,200,79,146,157,151,166,158,175,168,184,183,190,200,191,217,188,229,181,237,171,242,161,245,152,146,157,150,150,158,143,168,136,184,130,199,131,214,129,228,133,236,139,242,145,245,152,154,156,161,163,167,166,176,169,186,171,200,171,212,169,221,166,228,163,232,159,237,152,154,156,161,151,168,148,177,146,187,145,199,145,210,144,219,144,226,145,231,147,237,152,200,80,146,158,151,167,158,176,168,186,183,192,201,194,217,191,230,183,238,172,243,162,246,153,146,158,150,150,158,144,167,137,184,131,199,132,214,129,229,133,237,139,243,145,246,153,154,157,161,164,167,168,176,171,187,173,200,174,212,172,222,168,229,164,233,161,238,153,154,157,160,151,168,149,177,147,187,146,199,145,210,145,219,145,226,146,232,148,238,153,200,80,146,158,151,168,158,177,168,187,183,193,201,195,217,191,230,184,238,173,243,163,246,153,146,158,150,150,158,144,167,137,184,131,199,132,214,129,229,133,237,139,243,145,246,153,154,157,161,165,167,168,176,172,187,174,200,174,212,172,222,169,229,165,233,161,238,153,154,157,161,152,168,149,177,147,187,146,199,145,210,145,219,145,226,146,232,148,238,153,200,80,146,159,150,168,157,177,168,187,183,193,201,194,218,191,230,183,239,173,243,163,246,153,146,159,150,150,157,144,167,137,183,131,200,132,215,129,230,133,238,139,243,145,246,153,154,158,161,165,167,168,176,171,187,173,200,174,213,172,222,169,229,165,233,161,238,153,154,158,160,152,168,149,176,147,187,146,199,145,210,145,220,145,227,146,232,148,238,153,201,77,145,159,150,168,157,178,168,188,183,195,201,197,219,193,232,185,240,174,245,164,248,153,145,159,150,150,157,143,167,136,184,130,200,130,215,128,230,132,239,139,244,145,248,153,154,158,161,166,167,170,176,173,187,175,201,176,213,174,223,170,230,166,234,162,239,153,154,158,160,152,168,149,177,146,187,145,200,144,211,144,220,144,227,145,233,148,239,153,201,77,145,158,150,167,157,177,168,187,183,193,201,195,218,191,231,184,239,173,244,163,247,153,145,158,150,150,157,143,167,136,183,130,200,131,215,128,230,133,238,139,244,145,247,153,153,157,161,164,166,168,175,171,187,173,200,174,213,172,222,169,229,165,233,161,239,153,153,157,160,151,168,149,176,147,187,146,199,145,210,144,220,145,227,146,233,148,239,153,201,78,146,158,150,168,157,177,168,187,183,194,201,195,218,192,231,184,240,173,244,163,247,153,146,158,150,150,157,143,167,136,184,130,200,131,215,128,230,133,238,139,244,145,247,153,154,157,161,165,167,168,176,172,187,174,201,174,213,172,223,169,230,165,234,161,239,153,154,157,160,151,168,149,177,147,187,145,200,145,211,144,220,145,227,146,233,148,239,153,202,78,146,159,151,168,158,178,169,188,184,194,202,196,220,193,232,185,241,174,245,163,248,153,146,159,150,150,158,144,168,137,185,131,201,131,216,129,231,133,239,139,245,145,248,153,154,158,161,165,167,169,177,173,188,175,202,176,214,173,224,170,231,166,235,162,240,153,154,158,161,152,169,149,178,147,188,146,201,145,212,145,221,145,228,146,234,148,240,153,200,78,145,158,150,168,157,178,168,189,183,196,201,197,219,194,231,185,240,174,244,163,247,153,145,158,150,150,157,143,167,136,184,130,200,131,215,128,230,132,238,139,244,145,247,153,153,157,161,166,166,170,176,174,187,176,201,177,213,175,223,171,230,166,234,162,239,153,153,157,160,151,168,148,177,146,187,145,199,144,211,144,220,144,227,145,233,147,239,153,201,79,146,158,151,168,158,178,169,188,184,195,202,197,219,193,232,185,241,174,245,163,249,153,146,158,150,150,158,143,168,136,184,130,200,131,216,128,231,132,239,139,245,144,249,153,154,157,161,166,167,170,176,173,187,176,201,177,214,174,224,171,231,166,235,162,240,153,154,157,160,151,168,148,177,146,188,145,200,144,211,144,221,144,228,145,234,147,240,153,201,79,146,159,151,168,158,178,169,189,184,195,202,197,219,193,232,185,240,174,245,164,248,153,146,159,150,150,158,144,168,137,184,131,201,132,216,129,231,133,239,139,245,145,248,153,154,158,161,166,167,170,176,174,187,176,201,177,214,175,223,171,231,166,235,162,240,153,154,158,161,152,168,149,177,147,188,146,200,145,211,144,221,145,228,146,234,148,240,153,200,78,146,158,151,167,158,177,169,187,184,193,202,195,219,191,232,183,240,172,245,162,248,152,146,158,150,150,158,143,168,136,184,130,200,131,215,128,230,133,239,139,245,145,248,152,154,157,161,165,167,168,176,172,187,174,201,174,214,172,223,169,231,165,235,161,240,152,154,157,161,151,168,148,177,146,188,145,200,145,211,144,221,144,228,145,234,147,240,152,200,79,146,159,151,168,158,178,169,188,184,194,202,195,219,192,232,184,240,173,245,163,248,153,146,159,150,150,158,144,168,137,184,131,200,132,215,129,230,133,239,140,245,145,248,153,154,158,161,165,167,169,176,172,187,175,201,175,214,173,223,170,231,166,235,161,240,153,154,158,160,152,168,149,177,147,188,146,200,145,211,145,221,145,228,146,234,148,240,153,200,79,146,159,151,169,158,180,168,190,183,197,202,199,219,195,232,187,240,176,245,165,248,154,146,159,150,150,158,144,167,136,184,130,200,131,215,129,230,133,238,140,244,146,248,154,154,158,161,167,167,171,176,175,187,178,201,179,214,177,223,173,230,168,234,164,239,154,154,158,161,152,168,149,177,146,187,145,200,145,211,144,220,144,227,146,233,148,239,154,201,79,146,159,151,170,158,180,168,191,183,198,202,200,219,196,232,188,241,176,245,165,249,154,146,159,150,150,158,144,168,137,184,131,200,132,216,129,231,134,239,140,245,146,249,154,154,158,161,167,167,172,176,176,187,179,201,180,214,178,224,174,231,169,235,164,240,154,154,158,161,152,168,149,177,147,188,146,200,145,211,144,221,145,228,146,234,148,240,154,198,81,146,160,150,171,157,182,167,194,181,201,200,203,217,199,230,191,238,178,242,167,245,155,146,160,150,150,157,144,166,136,182,131,198,131,213,129,228,133,236,140,241,146,245,155,154,159,161,169,166,174,175,179,185,182,199,183,211,181,221,177,227,171,231,166,236,155,154,159,160,152,167,149,176,146,186,145,198,144,209,144,218,144,225,146,230,149,236,155,200,80,146,159,151,171,157,182,168,194,182,201,201,203,218,199,231,190,239,178,243,166,246,154,146,159,150,150,157,143,167,136,183,130,199,130,215,128,230,132,237,139,243,145,246,154,155,159,162,169,167,174,176,179,187,182,200,183,213,180,222,176,229,171,233,165,238,155,155,159,161,151,168,148,177,145,187,144,199,144,210,143,219,143,226,145,232,148,238,155,199,81,146,159,151,170,157,181,167,192,182,200,200,201,217,198,229,189,237,177,241,165,244,154,146,159,150,150,157,144,166,136,182,131,198,131,213,129,228,133,235,140,241,146,244,154,155,158,161,168,167,173,175,177,186,180,199,181,211,179,220,175,227,170,231,164,236,154,155,158,161,151,168,148,176,146,186,145,198,144,209,144,218,144,224,146,230,148,236,154,199,81,146,159,151,170,157,181,167,192,182,199,200,201,217,198,230,189,237,177,242,166,245,155,146,159,150,150,157,143,167,136,182,131,198,131,213,129,228,134,236,140,241,146,245,155,155,158,161,168,167,173,175,177,186,180,199,181,212,179,221,175,227,170,231,165,236,155,155,158,161,151,168,148,176,146,186,145,198,145,209,144,218,145,225,146,230,149,236,155,197,79,146,158,150,168,156,178,166,189,181,196,198,198,215,195,227,186,235,175,239,165,242,155,146,158,150,150,157,144,166,137,181,131,197,132,211,130,225,134,233,140,238,146,242,155,154,157,161,166,166,170,174,174,185,176,197,177,209,175,218,172,225,167,229,163,233,154,154,157,160,151,167,149,175,147,185,146,196,145,207,145,215,145,222,147,228,149,233,154,197,79,146,159,150,169,156,179,166,190,181,197,198,199,215,195,227,187,235,175,239,165,242,155,146,159,150,150,157,144,166,137,181,131,197,132,211,130,226,134,233,141,239,147,242,155,154,158,161,166,166,170,174,175,184,177,197,178,210,176,219,173,225,168,229,163,234,155,154,158,160,152,167,149,175,147,185,146,197,146,207,145,216,146,222,147,228,149,234,155,196,78,146,159,150,168,156,178,166,188,180,195,197,197,213,194,226,186,234,175,238,165,240,155,146,159,150,150,156,144,165,137,180,131,196,132,210,130,224,134,232,141,237,147,240,155,154,157,160,165,165,169,173,173,184,176,196,176,208,175,217,171,224,167,228,163,232,155,154,157,160,152,167,149,175,147,184,146,195,146,206,145,214,146,221,147,226,149,232,155,197,79,146,158,150,168,156,177,166,188,180,194,198,196,214,193,226,185,234,174,238,164,241,155,146,158,150,150,157,144,166,138,181,132,196,133,211,131,225,135,233,141,238,147,241,155,154,157,160,165,166,169,174,172,184,175,197,176,209,174,218,170,225,166,228,162,233,154,154,157,160,152,167,150,175,148,185,147,196,147,207,146,215,146,222,148,227,149,233,154,198,78,146,158,151,166,157,176,167,186,181,193,198,194,215,191,227,184,235,173,239,163,242,154,146,158,150,150,157,144,167,137,182,132,197,133,212,130,226,135,233,141,239,146,242,154,154,156,161,164,166,167,174,171,185,173,198,174,210,172,219,169,225,165,229,161,234,154,154,156,161,151,168,149,176,148,186,147,197,147,207,146,216,146,223,147,228,149,234,154,197,79,146,157,150,166,156,176,166,186,180,192,197,194,213,191,226,183,234,172,238,163,241,154,146,157,150,150,157,144,166,137,181,132,196,133,211,130,225,135,232,141,238,146,241,154,154,156,160,163,165,167,174,170,184,172,197,173,208,171,217,168,224,164,228,161,233,154,154,156,160,151,167,149,175,148,185,147,196,147,206,146,215,146,222,147,227,149,233,154,197,78,146,159,150,169,156,179,166,190,180,197,197,199,214,196,226,187,234,176,238,165,240,155,146,159,150,150,157,144,165,136,181,130,196,131,210,129,224,134,232,141,237,147,240,155,154,158,160,166,166,170,174,174,184,177,197,178,209,176,217,172,224,168,227,163,232,155,154,158,160,152,167,149,175,147,185,146,196,145,206,145,214,145,221,147,226,149,232,155,197,78,146,159,150,168,156,178,166,189,180,196,198,198,214,195,226,187,234,175,238,165,240,155,146,159,150,150,157,144,166,136,181,131,196,132,211,129,225,134,232,141,237,147,240,155,154,158,161,166,166,170,174,174,184,176,197,177,209,175,217,172,224,167,228,163,232,155,154,158,161,152,168,149,176,147,185,146,196,146,206,145,214,146,221,147,226,149,232,155,198,79,146,159,150,169,156,180,166,191,181,199,199,200,216,197,229,189,237,177,241,166,244,155,146,159,150,150,157,143,166,136,182,130,197,131,213,129,227,133,235,140,241,146,244,155,154,158,161,167,166,172,174,176,185,179,198,180,211,178,220,174,227,169,231,164,236,155,154,158,160,151,168,148,176,146,186,145,197,144,208,144,217,144,224,146,230,149,236,155,198,79,146,159,150,169,156,180,166,191,181,198,199,200,216,197,229,188,237,177,241,166,244,155,146,159,150,150,157,143,166,136,181,130,197,131,212,129,227,133,235,140,240,146,244,155,154,158,161,167,166,172,174,176,185,179,198,180,211,178,220,174,227,169,231,164,236,155,154,158,160,151,167,148,176,146,185,145,197,144,208,144,217,145,224,146,230,149,236,155,198,79,146,158,151,167,157,177,168,186,182,193,200,194,216,191,229,184,237,173,242,163,246,154,146,158,150,150,157,144,167,137,183,131,198,132,213,130,228,134,236,140,242,146,246,154,154,157,161,165,166,168,175,171,186,174,199,174,211,172,221,169,228,165,232,161,238,154,154,157,160,152,168,149,176,147,186,146,198,146,209,145,218,145,225,147,232,149,238,154,199,81,146,159,151,169,157,179,167,190,182,197,200,199,217,195,229,187,237,176,242,166,245,155,146,159,150,150,157,144,167,136,182,131,198,131,213,129,228,134,236,141,242,147,245,155,154,158,161,167,167,171,175,175,186,178,199,178,211,176,221,173,228,168,232,164,237,155,154,158,161,152,168,149,176,147,186,145,198,145,209,145,218,145,225,147,231,149,237,155,200,81,146,157,151,166,158,174,168,184,182,190,200,191,216,188,229,181,237,171,242,162,246,154,146,157,150,150,157,144,167,137,183,132,199,133,214,131,228,135,237,141,243,146,246,154,154,156,161,163,166,165,175,168,186,170,199,171,211,169,221,167,228,163,233,160,238,154,154,156,160,151,168,149,176,148,186,147,198,147,210,146,219,146,226,147,232,149,238,154,200,84,146,158,151,167,157,176,168,186,182,192,199,194,216,191,228,183,237,173,242,163,245,154,146,158,150,150,157,144,167,137,183,132,199,133,214,130,228,135,236,141,242,146,245,154,154,157,161,164,166,168,175,171,186,173,199,174,211,172,221,169,228,165,232,161,237,154,154,157,160,152,167,149,176,147,186,146,198,146,209,145,218,146,226,147,232,149,237,154,199,82,146,157,151,166,158,174,168,183,182,189,200,191,216,188,228,181,237,171,242,161,245,153,146,157,150,150,157,144,167,137,183,131,199,132,213,130,228,134,236,140,242,145,245,153,154,156,161,162,166,165,175,168,186,170,199,170,211,169,220,166,228,162,232,159,237,152,154,156,160,151,168,149,176,147,186,146,198,146,209,145,218,145,225,146,231,148,237,152,200,84,147,158,151,166,158,175,168,184,182,190,199,191,216,188,228,181,236,171,241,162,244,154,147,158,150,150,158,144,167,138,183,132,198,133,213,131,228,135,236,141,241,146,244,154,155,157,161,163,167,166,175,169,186,171,199,171,211,169,220,167,227,163,231,160,236,153,155,157,161,152,168,150,176,148,186,147,198,147,209,146,218,146,225,147,231,149,236,153,200,83,146,157,151,165,158,172,169,181,183,186,200,188,216,185,229,178,237,169,242,160,245,152,146,157,150,150,157,145,167,138,183,133,199,134,214,132,229,135,237,141,243,146,245,152,153,156,160,161,166,163,175,165,186,167,199,167,212,166,221,163,228,160,232,158,238,152,153,156,160,152,167,150,176,149,187,148,199,148,210,147,219,147,226,147,232,148,238,152,200,82,146,157,151,165,158,173,169,181,183,187,200,188,217,185,229,178,238,169,243,160,247,152,146,157,150,150,158,145,167,138,184,133,199,134,214,131,229,135,238,140,244,145,247,152,154,156,161,161,167,163,176,166,187,167,200,168,212,166,222,163,229,160,233,157,239,152,154,156,160,151,168,150,176,149,187,148,199,148,210,147,220,146,227,147,233,148,239,152,199,82,146,157,151,164,158,172,168,180,183,186,200,187,216,184,228,177,237,167,242,159,245,151,146,157,150,150,157,145,167,138,183,133,198,134,213,131,228,135,236,140,242,145,245,151,153,156,160,160,166,163,175,165,186,166,199,166,211,164,220,162,228,159,232,156,237,151,153,156,160,152,167,150,176,149,186,148,198,148,209,147,218,146,226,147,232,148,237,151,198,82,146,157,151,164,157,172,168,180,182,186,199,187,215,184,227,177,236,167,241,159,244,151,146,157,150,150,157,145,166,138,182,133,198,134,212,131,227,135,235,140,241,145,244,151,154,156,160,160,166,163,175,165,185,166,198,166,210,164,220,162,227,159,231,156,237,151,154,156,160,151,167,150,175,149,186,148,197,148,208,147,218,146,225,147,231,147,237,151,197,81,146,156,151,162,158,169,168,177,182,182,199,183,214,180,227,174,236,165,241,158,245,151,146,156,150,150,157,144,166,138,182,132,197,133,212,131,227,135,236,140,242,145,245,151,153,155,160,158,166,160,174,161,185,162,198,162,210,160,220,158,227,156,232,155,238,151,153,155,160,151,167,150,175,148,186,148,197,148,209,147,218,146,226,147,232,147,238,151
40,191,85,138,162,143,169,150,176,160,184,174,189,191,190,206,188,218,181,227,173,232,165,236,157,138,162,142,155,150,150,160,143,175,137,190,138,205,136,219,140,227,146,233,151,236,157,146,161,152,165,158,167,167,169,178,170,190,170,202,169,211,167,219,164,223,162,228,157,146,161,152,157,160,155,168,153,178,152,190,152,200,151,209,151,216,152,222,153,228,157,193,86,138,162,143,169,151,176,161,184,176,189,192,190,208,187,220,181,229,173,234,165,238,157,138,162,143,155,150,150,161,144,177,139,192,140,206,138,220,141,229,147,234,151,238,157,146,160,153,165,159,167,168,168,179,170,192,170,204,169,213,167,220,164,225,162,230,157,146,160,152,157,160,155,169,154,179,154,191,154,202,153,211,153,218,153,224,154,230,157,193,85,138,164,143,172,150,181,160,190,175,196,193,198,209,195,222,188,230,178,235,169,238,159,138,164,142,156,150,150,160,144,176,138,192,139,207,137,221,141,229,147,235,152,238,159,146,163,153,169,159,172,168,175,179,177,192,178,204,176,214,173,221,170,225,166,231,159,146,163,153,158,160,156,169,154,179,153,191,153,202,152,211,152,219,153,225,155,231,159,192,86,138,164,143,173,150,182,160,191,175,197,192,198,209,195,221,188,229,178,234,168,237,159,138,164,142,156,150,150,160,143,176,137,191,138,206,136,220,140,228,146,234,152,237,159,146,163,153,170,159,173,168,176,178,178,192,178,204,176,213,173,220,170,224,166,229,159,146,163,153,158,160,155,169,153,179,152,191,152,202,151,211,151,218,152,223,154,229,159,192,86,138,164,143,173,150,182,160,192,175,198,193,200,209,197,222,189,230,178,235,168,238,159,138,164,142,156,150,150,159,143,176,137,191,138,206,135,221,139,229,145,235,151,238,159,146,163,153,170,159,174,168,177,179,179,192,180,204,178,214,174,221,170,225,167,230,159,146,163,152,157,160,155,169,153,179,152,191,151,202,151,211,151,218,152,224,154,230,159,192,86,138,164,143,174,150,183,160,193,175,199,193,201,209,197,222,190,230,179,235,169,238,159,138,164,142,156,150,150,159,143,176,137,191,138,206,135,221,139,229,145,235,151,238,159,146,163,153,171,159,174,168,178,179,180,192,180,204,178,214,175,221,171,225,167,230,159,146,163,153,158,160,155,169,153,179,152,191,151,202,151,211,151,218,152,224,154,230,159,193,86,139,165,144,174,150,183,161,193,176,199,194,200,211,197,223,189,232,179,236,169,239,159,139,165,143,156,150,150,160,143,176,137,193,138,208,135,223,139,231,145,236,151,239,159,147,164,154,171,160,174,169,177,180,179,193,180,206,178,215,175,222,171,226,167,231,159,147,164,153,158,161,155,169,153,180,152,192,151,203,151,213,151,220,152,226,154,231,159,194,84,139,166,143,176,150,185,161,195,176,202,194,204,212,200,225,192,233,181,238,171,241,160,139,166,143,157,150,150,160,143,177,137,193,137,208,135,223,139,232,146,237,152,241,160,147,165,154,173,160,177,169,180,180,182,194,183,206,181,216,177,223,173,227,169,232,160,147,165,153,159,161,156,170,153,180,152,193,151,204,151,213,151,220,153,226,155,232,160,194,84,138,165,143,174,150,184,161,194,176,200,194,202,211,198,224,191,232,180,237,170,240,160,138,165,143,157,150,150,160,143,177,137,193,138,208,135,223,140,231,146,237,152,240,160,146,164,154,171,159,175,168,178,180,180,193,181,206,179,215,176,222,172,227,168,232,160,146,164,153,158,161,156,169,154,180,153,192,152,203,151,213,152,220,153,226,155,232,160,194,85,139,165,143,175,150,184,161,194,176,201,194,202,211,199,224,191,233,180,237,170,240,160,139,165,143,157,150,150,160,143,177,137,193,138,208,135,223,140,231,146,237,152,240,160,147,164,154,172,160,175,169,179,180,181,194,182,206,180,216,176,223,172,227,168,232,160,147,164,153,158,161,156,170,154,180,152,193,152,204,151,213,151,220,153,226,155,232,160,194,84,138,165,143,174,150,184,161,194,176,200,194,202,212,199,224,191,233,180,237,169,240,159,138,165,142,156,150,150,160,143,177,137,193,137,208,135,223,139,231,145,237,151,240,159,146,164,153,171,159,175,169,179,180,181,194,181,206,179,216,176,223,172,227,167,232,159,146,164,153,158,161,155,170,153,180,152,193,151,204,151,213,151,220,152,226,154,232,159,193,85,138,165,143,175,150,185,161,196,176,203,194,204,212,201,224,192,233,181,237,170,240,160,138,165,143,157,150,150,160,143,177,137,193,138,208,135,223,139,231,146,237,152,240,160,146,164,154,173,159,177,169,181,180,183,194,184,206,182,216,178,223,173,227,169,232,160,146,164,153,158,161,155,170,153,180,152,192,151,204,151,213,151,220,152,226,154,232,160,193,86,138,165,142,175,150,185,161,195,176,202,194,204,211,200,224,192,232,181,237,170,240,160,138,165,142,157,150,150,160,143,176,137,192,138,208,135,223,140,231,146,237,152,240,160,146,164,153,173,159,177,168,180,179,183,193,184,206,181,216,178,223,173,227,169,232,160,146,164,152,158,160,155,169,153,180,152,192,151,203,151,213,151,220,152,226,154,232,160,193,85,138,165,143,174,150,184,161,195,176,201,194,203,211,199,224,191,232,180,237,170,240,159,138,165,142,156,150,150,160,143,176,137,193,138,208,135,223,139,231,145,237,151,240,159,146,164,153,172,159,176,168,180,179,182,193,183,206,181,215,177,223,172,227,168,232,159,146,164,153,158,160,155,169,153,180,152,192,151,203,150,213,151,220,152,226,154,232,159,192,85,138,165,143,174,150,184,161,194,176,200,194,202,211,198,224,190,232,180,237,169,240,159,138,165,142,157,150,150,160,143,176,137,192,138,207,135,222,140,231,146,237,151,240,159,146,164,153,172,159,175,168,179,179,181,193,182,206,179,215,176,223,172,227,168,232,159,146,164,152,158,160,155,169,153,180,152,192,152,203,151,213,151,220,152,226,154,232,159,192,85,138,165,143,174,150,184,161,194,176,200,194,202,211,198,224,190,232,179,237,169,240,159,138,165,142,157,150,150,160,143,176,137,192,138,208,135,222,139,231,146,237,151,240,159,146,164,153,171,159,175,168,179,179,181,193,181,206,179,215,176,223,172,227,168,232,159,146,164,152,158,160,155,169,153,180,152,192,152,203,151,213,151,220,152,226,154,232,159,192,85,138,165,143,175,150,186,160,196,175,203,194,205,211,202,224,193,232,182,237,171,240,160,138,165,142,156,150,150,159,142,176,137,192,137,207,135,222,139,230,146,236,152,240,160,146,164,153,173,159,177,168,182,179,184,193,185,206,183,215,179,222,174,226,170,231,161,146,164,153,158,160,155,169,152,179,151,192,151,203,150,212,151,219,152,225,155,231,161,193,85,138,165,143,176,150,186,161,197,175,204,194,206,211,202,224,194,233,182,237,171,241,160,138,165,142,156,150,150,160,143,176,137,192,138,208,136,223,140,231,146,237,152,241,160,146,164,153,174,159,178,168,182,179,185,193,186,206,184,216,180,223,175,227,170,232,160,146,164,153,158,160,155,169,153,180,152,192,151,203,151,213,151,220,152,226,155,232,160,191,87,139,166,143,177,149,188,160,200,174,207,192,209,210,205,223,197,231,184,235,173,238,161,139,166,143,156,150,150,159,142,175,136,191,137,206,135,221,139,229,146,234,152,238,161,147,165,154,175,159,180,168,185,178,188,192,189,204,187,214,183,220,177,224,172,229,161,147,165,153,158,160,155,169,152,179,151,191,150,202,150,211,150,218,152,223,155,229,161,193,87,139,166,144,178,150,189,161,201,175,208,194,210,211,206,224,197,232,185,236,173,239,161,139,166,143,157,150,150,160,143,176,137,192,137,208,135,223,139,230,146,236,152,239,161,148,166,155,176,160,181,169,186,179,189,193,190,206,188,215,183,222,178,226,172,231,162,148,166,154,158,161,155,170,152,180,151,192,151,203,150,212,150,219,152,225,155,231,162,192,88,139,165,144,176,150,187,160,198,175,206,193,207,210,204,222,195,230,183,234,171,237,160,139,165,143,156,150,150,159,142,175,137,191,137,206,135,221,139,228,146,234,152,237,160,148,164,154,174,160,179,168,183,179,187,192,187,204,185,213,181,220,176,224,170,229,160,148,164,154,157,161,154,169,152,179,151,191,150,202,150,211,150,217,152,223,154,229,160,192,87,139,165,144,176,150,187,160,198,175,205,193,207,210,204,223,195,230,183,235,172,238,161,139,165,143,156,150,150,160,142,175,137,191,137,206,135,221,140,229,146,234,152,238,161,148,164,154,174,160,178,168,183,179,186,192,187,205,185,214,181,220,176,224,171,229,161,148,164,154,157,161,154,169,152,179,151,191,151,202,150,211,151,218,152,223,155,229,161,190,85,139,164,143,174,149,184,159,195,174,202,191,204,208,201,220,192,228,181,232,171,235,161,139,164,143,156,150,150,159,143,174,137,190,138,204,136,218,140,226,146,231,152,235,161,147,163,154,172,159,176,167,180,178,182,190,183,202,181,211,178,218,173,222,169,226,160,147,163,153,157,160,155,168,153,178,152,189,151,200,151,208,151,215,153,221,155,226,160,190,85,139,165,143,175,149,185,159,196,174,203,191,205,208,201,220,193,228,181,232,171,235,161,139,165,143,156,150,150,159,143,174,137,190,138,204,136,219,140,226,147,232,153,235,161,147,164,154,172,159,176,167,181,177,183,190,184,203,182,212,178,218,174,222,169,227,161,147,164,153,158,160,155,168,153,178,152,190,152,200,151,209,152,215,153,221,155,227,161,190,84,140,165,144,174,150,184,160,194,174,201,191,203,207,200,220,192,228,181,232,171,234,161,140,165,144,156,150,150,159,143,174,137,190,138,204,136,218,140,226,147,231,153,234,161,148,163,154,171,159,175,167,179,178,182,190,183,202,181,211,177,218,173,222,169,226,161,148,163,154,158,161,155,169,153,178,152,189,152,200,151,208,152,215,153,220,155,226,161,190,85,139,165,143,174,149,183,159,194,173,201,191,202,207,199,219,191,227,180,231,170,234,161,139,165,143,156,150,150,159,144,174,138,189,139,204,137,218,141,226,147,231,153,234,161,147,163,153,171,159,175,167,178,177,181,190,182,202,180,211,176,218,172,221,168,226,160,147,163,153,158,160,156,168,154,178,153,189,153,200,152,208,153,215,154,221,155,226,160,190,84,138,164,143,173,149,182,159,192,173,199,190,201,207,197,219,190,227,179,231,169,234,160,138,164,142,156,150,150,159,143,174,138,189,139,204,136,218,141,225,147,231,153,234,160,146,163,153,170,158,173,166,177,177,179,190,180,202,178,211,175,217,171,221,167,226,160,146,163,153,157,160,155,168,154,178,153,189,152,199,152,208,152,215,153,220,155,226,160,191,85,139,163,143,172,149,182,159,192,173,198,190,200,206,197,219,189,227,179,231,169,234,160,139,163,143,156,150,150,159,143,174,138,189,139,204,137,218,141,225,147,231,152,234,160,147,162,153,169,158,173,167,176,177,179,190,179,201,177,210,174,217,170,221,167,226,160,147,162,153,157,160,155,168,154,178,153,189,153,199,152,208,152,215,153,220,155,226,160,190,84,139,165,143,175,149,185,159,196,173,203,190,205,207,202,219,193,227,182,231,171,233,161,139,165,143,156,150,150,159,142,174,136,189,137,203,135,218,140,225,147,230,153,233,161,147,164,153,172,159,176,167,180,177,183,190,184,202,182,210,178,217,174,220,169,225,161,147,164,153,158,160,155,168,153,178,152,189,151,199,151,207,151,214,153,219,155,225,161,190,84,139,165,143,174,149,184,159,195,173,202,191,204,207,201,219,193,227,181,231,171,233,161,139,165,143,156,150,150,159,142,174,137,189,138,204,135,218,140,225,147,230,153,233,161,147,164,154,172,159,176,167,180,177,182,190,183,202,181,210,178,217,173,221,169,225,161,147,164,154,158,161,155,168,153,178,152,189,151,199,151,207,152,214,153,219,155,225,161,191,86,139,166,143,176,149,187,159,198,174,206,192,207,209,204,222,196,230,184,234,173,237,162,139,166,143,157,150,150,159,143,175,137,190,138,206,136,220,140,228,147,234,153,237,162,147,165,154,174,159,179,167,183,178,186,191,187,204,185,213,181,220,176,224,171,229,162,147,165,153,158,161,155,169,153,179,152,190,151,201,151,210,151,217,153,223,156,229,162,191,86,139,166,143,176,149,187,159,198,174,205,192,207,209,204,222,195,230,184,234,173,237,162,139,166,143,157,150,150,159,143,174,137,190,138,205,136,220,140,228,147,233,153,237,162,147,165,154,174,159,179,167,183,178,186,191,187,204,185,213,181,220,176,224,171,229,162,147,165,153,158,160,155,169,153,178,152,190,152,201,151,210,152,217,153,223,156,229,162,192,85,139,164,144,173,150,183,161,192,175,199,193,201,209,197,222,190,231,179,235,169,239,160,139,164,143,156,150,150,160,143,176,137,191,138,206,136,221,140,229,146,235,152,239,160,147,163,154,171,159,174,168,177,179,180,192,180,204,179,214,175,221,171,225,167,231,160,147,163,153,158,161,155,169,153,179,152,191,152,202,151,211,152,219,153,225,155,231,160,192,87,139,165,144,175,150,185,160,196,175,203,193,205,210,201,222,193,230,182,235,172,238,161,139,165,143,156,150,150,160,142,175,137,191,137,206,135,221,140,229,147,235,153,238,161,148,164,154,173,160,177,168,181,179,183,192,184,204,182,214,179,221,174,225,170,230,161,148,164,154,158,161,155,169,153,179,151,191,151,202,151,211,151,218,153,224,155,230,161,193,87,139,163,144,172,151,180,161,190,175,196,193,197,209,194,222,187,230,178,235,169,239,160,139,163,143,156,150,150,160,143,176,138,192,139,207,137,221,141,230,147,236,153,239,160,147,162,154,169,159,171,168,174,179,176,192,177,204,175,214,173,221,169,226,166,231,160,147,162,153,157,161,155,169,154,179,153,191,153,203,152,212,152,219,153,225,155,231,160,193,90,139,164,144,173,150,182,161,192,175,198,192,200,209,197,221,189,230,179,235,169,238,160,139,164,143,156,150,150,160,143,176,138,192,139,207,136,221,141,230,147,235,152,238,160,147,163,154,170,159,174,168,177,179,179,192,180,204,178,214,175,221,171,225,167,230,160,147,163,153,158,160,155,169,153,179,152,191,152,202,151,212,152,219,153,225,155,230,160,192,88,139,163,144,172,150,180,161,189,175,195,192,197,209,194,221,187,230,177,235,167,238,159,139,163,143,156,150,150,160,143,176,137,192,138,206,136,221,140,229,146,235,151,238,159,147,162,154,168,159,171,168,174,179,176,192,176,204,175,213,172,221,168,225,165,230,158,147,162,153,157,160,155,169,153,179,152,191,152,202,151,211,151,218,152,224,154,230,158,192,89,139,163,143,171,150,180,160,189,174,195,191,196,208,193,220,186,228,176,233,167,236,159,139,163,142,155,150,150,159,143,175,137,190,138,205,136,220,140,228,146,233,151,236,159,147,162,153,168,159,171,167,174,178,176,191,176,203,174,212,172,219,168,223,165,228,158,147,162,153,157,160,155,168,153,178,152,190,152,201,151,210,151,217,152,223,154,228,158,193,88,139,162,144,170,151,177,162,186,176,191,193,193,209,190,222,183,230,174,235,165,238,157,139,162,143,155,150,150,160,143,176,138,192,139,207,137,221,140,230,146,235,151,238,157,146,161,153,166,159,168,168,170,179,172,192,172,204,171,214,168,221,165,225,163,231,157,146,161,153,157,160,155,169,154,180,153,192,153,203,152,212,152,219,152,225,153,231,157,192,87,138,162,143,170,150,178,161,186,175,192,192,193,209,190,221,183,230,174,235,165,239,157,138,162,142,155,150,150,159,143,176,138,191,139,206,136,221,140,230,145,236,150,239,157,146,161,153,166,159,169,168,171,179,172,192,173,204,171,214,168,221,165,225,162,231,157,146,161,152,156,160,155,168,154,179,153,191,153,202,152,212,151,219,152,225,153,231,157,192,87,139,162,144,169,151,177,162,185,176,191,193,192,209,189,221,182,230,172,235,164,238,156,139,162,143,155,150,150,160,143,176,138,191,139,206,136,221,140,229,145,235,150,238,156,147,161,153,165,159,168,168,170,179,171,192,171,204,169,213,167,221,164,225,161,230,156,147,161,153,157,160,155,169,154,179,153,191,153,202,152,211,151,219,152,225,153,230,156,191,87,139,162,144,169,150,177,161,185,175,191,192,192,208,189,220,182,229,172,234,164,237,156,139,162,143,155,150,150,159,143,175,138,191,139,205,136,220,139,228,145,234,150,237,156,147,161,153,165,159,168,168,170,178,171,191,171,203,170,213,167,220,164,224,161,230,156,147,161,153,156,160,155,168,153,179,153,190,152,201,151,211,151,218,151,224,152,230,156,190,87,139,162,144,168,151,175,161,183,175,188,192,189,207,186,220,180,229,171,235,164,238,157,139,162,142,156,150,150,159,144,175,138,190,139,205,137,220,141,229,146,235,151,238,157,146,161,153,164,159,166,167,167,178,168,191,168,203,167,213,164,221,162,225,161,231,156,146,161,153,157,160,156,168,154,179,154,190,154,202,153,211,152,219,153,225,153,231,156
39,181,92,128,169,133,176,140,183,150,191,164,196,181,197,196,195,209,188,217,180,222,172,226,164,128,169,132,162,140,157,150,150,165,144,180,145,195,143,209,147,217,153,223,158,226,164,136,168,142,172,148,174,157,176,168,177,180,177,192,176,201,174,209,171,213,169,218,164,136,168,142,164,150,162,158,160,168,159,180,159,190,158,199,158,206,159,212,160,218,164,182,92,127,168,132,175,140,182,150,190,165,195,181,196,197,193,209,187,218,179,223,171,227,163,127,168,131,161,139,156,150,150,166,145,181,146,195,144,209,147,218,153,223,157,227,163,135,166,142,171,148,173,157,175,168,176,181,176,192,175,202,173,209,170,214,168,219,163,135,166,141,163,149,161,158,160,168,160,180,160,191,159,200,159,207,159,213,160,219,163,183,91,128,170,133,178,140,187,151,196,165,203,183,204,199,201,212,194,220,184,225,175,229,165,128,170,132,162,140,156,150,150,166,144,182,145,197,143,211,147,219,153,225,158,229,165,136,169,143,175,149,179,158,181,169,183,182,184,194,182,204,179,211,176,215,172,221,165,136,169,143,164,150,162,159,160,169,159,182,159,192,158,201,158,209,159,215,161,221,165,182,93,128,171,133,180,140,189,150,198,165,204,182,205,199,202,211,195,219,185,224,175,227,166,128,171,132,163,140,157,150,150,166,144,181,145,196,143,210,147,218,153,224,159,227,166,136,170,143,177,149,180,157,183,168,185,182,185,194,183,203,180,210,177,214,173,219,166,136,170,143,165,150,162,159,160,169,159,181,159,192,158,200,158,208,159,213,161,219,166,183,93,129,171,134,180,141,190,151,199,166,205,184,207,200,204,213,196,221,185,226,175,229,166,129,171,133,163,141,157,150,150,167,144,182,145,197,142,212,146,220,152,226,158,229,166,137,170,144,177,150,181,159,184,169,186,183,187,195,185,205,182,212,178,216,174,221,166,137,170,143,164,151,162,160,160,170,159,182,158,193,158,202,158,209,159,215,161,221,166,183,93,129,171,134,181,141,190,151,200,166,206,184,208,200,204,213,197,221,186,226,176,229,166,129,171,133,163,141,157,150,150,167,144,182,145,197,142,212,146,220,152,226,158,229,166,137,170,144,178,150,181,159,185,170,187,183,187,195,185,205,182,212,178,216,174,221,166,137,170,144,165,151,162,160,160,170,159,182,158,193,158,202,158,209,159,215,161,221,166,183,93,129,172,134,181,140,190,151,200,166,206,184,207,201,204,213,196,222,186,226,176,229,166,129,172,133,163,140,157,150,150,166,144,183,145,198,142,213,146,221,152,226,158,229,166,137,171,144,178,150,181,159,184,170,186,183,187,196,185,205,182,212,178,216,174,221,166,137,171,143,165,151,162,159,160,170,159,182,158,193,158,203,158,210,159,216,161,221,166,184,91,129,173,133,183,140,192,151,202,166,209,184,211,202,207,215,199,223,188,228,178,231,167,129,173,133,164,140,157,150,150,167,144,183,144,198,142,213,146,222,153,227,159,231,167,137,172,144,180,150,184,159,187,170,189,184,190,196,188,206,184,213,180,217,176,222,167,137,172,143,166,151,163,160,160,170,159,183,158,194,158,203,158,210,160,216,162,222,167,184,91,128,172,133,181,140,191,151,201,166,207,184,209,201,205,214,198,222,187,227,177,230,167,128,172,133,164,140,157,150,150,166,144,183,145,198,142,213,147,221,153,227,159,230,167,136,171,144,178,149,182,158,185,170,187,183,188,196,186,205,183,212,179,217,175,222,167,136,171,143,165,151,163,159,161,170,160,182,159,193,158,203,159,210,160,216,162,222,167,184,92,129,172,133,182,140,191,151,201,166,208,184,209,201,206,214,198,223,187,227,177,230,167,129,172,133,164,140,157,150,150,167,144,183,145,198,142,213,147,221,153,227,159,230,167,137,171,144,179,150,182,159,186,170,188,184,189,196,187,206,183,213,179,217,175,222,167,137,171,143,165,151,163,160,160,170,159,183,159,194,158,203,158,210,160,216,162,222,167,184,91,128,172,133,181,140,191,151,201,166,207,184,209,202,206,214,198,223,187,227,176,230,166,128,172,132,163,140,157,150,150,167,144,183,144,198,142,213,146,221,152,227,158,230,166,136,171,143,178,149,182,159,186,170,188,184,188,196,186,206,183,213,179,217,175,222,166,136,171,143,165,151,162,160,160,170,159,183,158,194,158,203,158,210,159,216,161,222,166,183,92,128,172,133,182,140,192,151,203,166,210,184,211,202,208,214,200,223,188,227,177,230,167,128,172,133,164,140,157,150,150,167,144,183,145,198,142,213,146,221,153,227,159,230,167,136,171,144,180,149,184,159,188,170,190,184,191,196,189,206,185,213,180,217,176,222,167,136,171,143,165,151,162,160,160,170,159,182,158,194,158,203,158,210,159,216,161,222,167,183,93,128,172,133,182,140,192,151,202,166,209,184,211,201,207,214,199,223,188,227,177,231,167,128,172,132,164,140,157,150,150,166,144,182,145,198,142,213,147,221,153,227,159,231,167,136,171,143,180,149,184,158,188,169,190,183,191,196,189,206,185,213,180,217,176,222,167,136,171,142,165,150,162,159,160,170,159,182,158,193,158,203,158,210,159,216,161,222,167,183,92,128,172,133,181,140,191,151,202,166,208,184,210,201,206,214,198,222,187,227,177,230,166,128,172,132,163,140,157,150,150,166,144,183,145,198,142,213,146,221,152,227,158,230,166,136,171,143,179,149,183,158,187,170,189,183,190,196,187,205,184,213,179,217,175,222,166,136,171,143,165,150,162,159,160,170,159,182,158,193,157,203,158,210,159,216,161,222,166,182,92,128,172,133,181,140,191,151,201,166,207,184,209,201,205,214,197,222,187,227,176,230,166,128,172,132,164,140,157,150,150,166,144,182,145,197,142,212,146,221,153,227,158,230,166,136,171,143,179,149,182,158,186,169,188,183,189,196,186,205,183,213,179,217,175,222,166,136,171,143,165,150,162,159,160,170,159,182,158,193,158,203,158,210,159,216,161,222,166,182,92,128,172,133,181,140,191,151,201,166,207,184,208,201,205,214,197,222,186,227,176,230,166,128,172,132,164,140,157,150,150,166,144,182,145,197,142,212,146,221,153,227,158,230,166,136,171,143,178,149,182,158,185,169,188,183,188,196,186,205,183,213,179,217,175,222,166,136,171,142,165,150,162,159,160,170,159,182,159,193,158,203,158,210,159,216,161,222,166,183,93,129,173,134,183,141,194,151,204,166,211,185,213,202,210,215,201,223,190,228,179,231,168,129,173,133,164,141,158,150,150,167,144,183,145,198,143,213,147,221,154,227,160,231,168,137,172,144,181,150,185,159,189,170,192,184,193,197,191,206,187,213,182,217,178,222,168,137,172,144,166,151,163,160,160,170,159,183,159,194,158,203,158,210,160,216,162,222,168,183,92,128,172,133,183,140,193,150,204,165,211,184,213,201,210,214,201,223,189,227,178,231,167,128,172,132,163,140,157,150,150,166,144,182,145,198,142,213,147,221,153,227,159,231,167,136,171,143,180,149,185,158,189,169,192,183,193,196,191,206,187,213,182,217,177,222,167,136,171,143,165,150,162,159,160,170,159,182,158,193,157,203,158,210,159,216,161,222,167,182,95,130,174,134,185,141,196,151,208,165,215,184,217,201,213,214,205,222,192,226,181,229,169,130,174,134,164,141,158,150,150,166,145,182,145,197,143,212,147,220,154,225,160,229,169,138,173,145,183,150,188,159,193,169,196,183,197,195,195,205,191,211,185,215,180,220,169,138,173,144,166,151,163,160,160,170,159,182,158,193,158,202,158,209,160,214,163,220,169,183,94,129,173,134,185,140,196,151,208,165,215,184,217,201,213,214,204,222,192,226,180,229,168,129,173,133,164,140,157,150,150,166,144,182,144,198,142,213,146,220,153,226,159,229,168,138,173,145,183,150,188,159,193,169,196,183,197,196,195,205,190,212,185,216,179,221,169,138,173,144,165,151,162,160,159,170,158,182,158,193,157,202,157,209,159,215,162,221,169,183,95,130,172,135,183,141,194,151,205,166,213,184,215,201,211,213,202,221,190,225,178,228,167,130,172,134,163,141,157,150,150,166,144,182,144,197,142,212,146,219,153,225,159,228,167,139,171,145,181,151,186,159,190,170,194,183,194,195,192,204,188,211,183,215,177,220,167,139,171,145,164,152,161,160,159,170,158,182,157,193,157,202,157,208,159,214,161,220,167,182,95,129,173,134,184,140,195,150,206,165,213,183,215,200,212,213,203,220,191,225,180,228,169,129,173,133,164,140,158,150,150,165,145,181,145,196,143,211,148,219,154,224,160,228,169,138,172,144,182,150,186,158,191,169,194,182,195,195,193,204,189,210,184,214,179,219,169,138,172,144,165,151,162,159,160,169,159,181,159,192,158,201,159,208,160,213,163,219,169,181,93,130,172,134,182,140,192,150,203,165,210,182,212,199,209,211,200,219,189,223,179,226,169,130,172,134,164,141,158,150,150,165,145,181,146,195,143,209,148,217,154,222,160,226,169,138,171,145,180,150,184,158,188,169,191,181,191,193,189,202,186,209,181,213,177,217,168,138,171,144,165,151,163,159,161,169,160,180,159,191,159,199,159,206,161,212,163,217,168,181,92,130,172,134,182,140,192,150,203,165,210,182,212,199,208,211,200,219,188,223,178,226,168,130,172,134,163,141,157,150,150,165,144,181,145,195,143,210,147,217,154,223,160,226,168,138,171,145,179,150,183,158,188,168,190,181,191,194,189,203,186,209,181,213,176,218,168,138,171,144,165,151,162,160,160,169,159,181,159,191,158,200,159,206,160,212,162,218,168,181,91,131,171,135,181,141,191,151,201,165,208,182,210,198,207,211,199,219,188,223,178,225,168,131,171,135,163,141,157,150,150,165,144,181,145,195,143,209,147,217,154,222,160,225,168,139,170,145,178,150,182,158,186,169,189,181,189,193,188,202,184,209,180,212,176,217,168,139,170,145,165,152,162,160,160,169,159,180,159,191,158,199,159,206,160,211,162,217,168,181,91,130,170,134,180,141,189,150,200,164,206,182,208,198,205,210,197,218,186,222,176,225,167,130,170,134,162,141,156,150,150,165,144,180,145,195,143,209,147,217,153,222,159,225,167,138,169,144,177,150,181,158,184,168,187,181,188,193,186,202,182,209,178,212,174,217,166,138,169,144,164,151,162,159,160,169,159,180,159,191,158,199,159,206,160,211,161,217,166,181,91,129,171,134,179,140,189,150,199,164,206,181,207,197,204,210,197,218,186,222,176,225,167,129,171,133,163,140,157,150,150,165,145,180,146,195,143,209,148,216,154,222,159,225,167,137,169,144,177,149,180,157,184,168,186,181,187,192,185,201,182,208,178,212,174,217,167,137,169,144,164,151,162,159,161,169,160,180,160,190,159,199,159,206,160,211,162,217,167,182,92,130,170,134,179,140,189,150,199,164,205,181,207,198,204,210,196,218,185,222,176,225,167,130,170,134,163,141,157,150,150,165,145,180,146,195,143,209,148,216,154,222,159,225,167,138,169,144,176,149,180,158,183,168,185,181,186,192,184,201,181,208,177,212,174,217,167,138,169,144,164,151,162,159,161,169,160,180,160,190,159,199,159,206,160,211,162,217,167,182,92,131,173,135,183,141,193,151,204,165,211,182,213,199,210,211,201,219,190,223,179,225,169,131,173,135,164,142,158,150,150,166,144,181,145,195,143,209,148,217,155,222,161,225,169,139,172,145,180,151,184,159,188,169,191,182,192,194,190,202,186,209,182,212,178,217,169,139,172,145,166,152,163,160,161,170,160,181,159,191,159,199,159,206,161,211,163,217,169,181,91,130,172,134,181,140,191,150,202,164,209,182,211,198,208,210,200,218,188,222,178,224,168,130,172,134,163,141,157,150,150,165,144,180,145,195,142,209,147,216,154,221,160,224,168,138,171,145,179,150,183,158,187,168,189,181,190,193,188,201,185,208,180,212,176,216,168,138,171,145,165,152,162,159,160,169,159,180,159,190,158,198,159,205,160,210,162,216,168,182,93,130,173,134,183,140,194,150,205,165,213,183,214,200,211,213,203,221,191,225,180,228,169,130,173,134,164,141,157,150,150,166,144,181,145,196,143,211,147,219,154,224,160,228,169,138,172,145,181,150,186,158,190,169,193,182,194,195,192,204,188,211,183,215,178,220,169,138,172,144,165,152,162,160,160,169,159,181,158,192,158,201,159,208,160,214,163,220,169,182,93,130,173,134,183,140,194,150,205,165,212,183,214,200,211,213,202,221,191,225,180,228,169,130,173,134,164,141,157,150,150,166,144,181,145,196,143,211,147,219,154,224,160,228,169,138,172,145,181,150,186,158,190,169,193,182,194,195,192,204,188,211,183,215,178,220,169,138,172,144,165,152,162,160,160,169,159,181,158,192,158,201,159,208,160,214,163,220,169,181,92,129,171,133,180,140,190,151,199,165,206,183,207,199,204,212,197,221,186,225,176,229,167,129,171,133,163,140,157,150,150,166,144,181,145,196,143,211,147,219,153,225,159,229,167,137,170,144,178,149,181,158,184,169,187,182,187,194,186,204,182,211,178,215,174,221,167,137,170,143,165,151,162,159,160,169,159,181,159,192,158,201,159,209,160,215,162,221,167,182,95,129,173,134,183,140,193,150,204,165,211,183,213,200,209,212,201,220,190,225,180,228,169,129,173,133,164,140,158,150,150,165,145,181,145,196,143,211,148,219,155,225,161,228,169,137,172,144,181,150,185,158,189,169,192,182,192,194,190,204,187,211,182,215,178,220,169,137,172,144,166,151,163,159,161,169,159,181,159,192,159,201,159,208,161,214,163,220,169,183,94,129,170,134,179,141,187,151,197,165,203,183,204,199,201,212,194,220,185,225,176,229,167,129,170,133,163,140,157,150,150,166,145,182,146,197,144,211,148,220,154,226,160,229,167,137,169,144,176,149,179,158,181,169,183,182,184,194,182,204,180,211,176,216,173,221,167,137,169,143,164,151,162,159,161,169,160,181,160,193,159,202,159,209,160,215,162,221,167,183,97,129,171,134,180,140,189,151,199,165,205,182,206,199,204,211,196,220,186,225,176,228,167,129,171,133,163,140,157,150,150,166,145,182,146,197,144,211,148,219,154,225,159,228,167,137,170,144,177,149,180,158,184,169,186,182,186,194,185,203,182,211,178,215,174,220,167,137,170,143,165,150,162,159,160,169,159,181,159,192,159,201,159,209,160,215,162,220,167,182,95,129,170,134,179,140,187,151,196,165,202,182,204,199,201,211,194,220,184,225,174,228,166,129,170,133,163,140,157,150,150,166,144,182,145,196,143,211,147,219,153,225,158,228,166,137,169,144,175,149,178,158,181,169,183,182,183,194,182,203,179,211,175,215,172,220,165,137,169,143,164,150,162,159,160,169,159,181,159,192,158,201,158,208,159,214,161,220,165,183,96,130,170,134,178,141,187,151,196,165,202,182,203,199,200,211,193,219,183,224,174,227,166,130,170,133,162,141,157,150,150,166,144,181,145,196,143,211,147,219,153,224,158,227,166,138,169,144,175,150,178,158,181,169,183,182,183,194,181,203,179,210,175,214,172,219,165,138,169,144,164,151,162,159,160,169,159,181,159,192,158,201,158,208,159,214,161,219,165,183,95,129,169,134,177,141,184,152,193,166,198,183,200,199,197,212,190,220,181,225,172,228,164,129,169,133,162,140,157,150,150,166,145,182,146,197,144,211,147,220,153,225,158,228,164,137,168,144,173,149,175,158,177,169,179,182,179,194,178,204,175,211,172,215,170,221,164,137,168,143,164,150,162,159,161,170,160,182,160,193,159,202,159,209,159,215,160,221,164,183,94,129,169,134,177,141,185,152,193,166,199,183,200,200,197,212,190,221,181,226,172,230,164,129,169,133,162,141,157,150,150,167,145,182,146,197,143,212,147,221,152,227,157,230,164,137,168,144,173,150,176,159,178,170,179,183,180,195,178,205,175,212,172,216,169,222,164,137,168,143,163,151,162,159,161,170,160,182,160,193,159,203,158,210,159,216,160,222,164,182,94,129,169,134,176,141,184,151,192,166,198,183,199,199,196,211,189,220,179,225,171,228,163,129,169,133,162,140,157,150,150,166,145,181,146,196,143,211,147,219,152,225,157,228,163,136,168,143,172,149,175,158,177,169,178,182,178,194,176,203,174,211,171,215,168,220,163,136,168,143,164,150,162,159,161,169,160,181,160,192,159,201,158,209,159,215,160,220,163,182,94,130,169,134,176,141,184,152,192,166,198,183,199,199,196,211,189,220,179,225,171,228,163,130,169,133,162,141,157,150,150,166,145,182,146,196,143,211,147,219,152,225,157,228,163,137,168,144,172,150,175,159,177,169,178,182,178,194,177,204,174,211,171,215,168,221,163,137,168,144,163,151,162,159,160,169,160,181,159,192,159,202,158,209,159,215,159,221,163,181,93,130,168,135,174,142,181,152,189,166,194,183,195,198,192,211,186,220,177,226,170,229,163,130,168,134,162,141,156,150,150,166,144,181,145,196,143,211,147,220,152,226,157,229,163,137,167,144,170,150,171,158,173,169,174,182,174,194,172,204,170,212,168,216,167,222,163,137,167,144,163,151,162,159,160,170,160,181,160,193,159,202,158,210,159,216,160,222,163
37,166,98,113,175,118,182,125,189,135,197,149,202,166,203,181,201,194,195,202,186,207,178,211,170,113,175,117,168,125,163,135,156,150,150,165,151,180,149,194,153,202,159,208,164,211,170,121,174,127,178,133,180,142,182,153,183,165,183,177,182,186,180,194,177,198,175,203,170,121,174,127,170,135,168,143,166,153,165,165,165,175,164,184,164,192,165,197,166,203,170,166,97,111,173,116,180,124,187,134,195,149,200,165,201,181,198,193,192,202,184,207,176,211,168,111,173,116,166,123,161,134,155,150,150,165,151,179,149,193,152,202,158,208,162,211,168,119,172,126,176,132,178,141,180,152,181,165,181,177,180,186,178,193,175,198,173,203,168,119,172,125,168,133,166,142,165,152,165,164,165,175,164,184,164,191,164,197,165,203,168,167,98,112,176,117,184,124,193,134,202,149,209,167,210,183,207,196,200,204,190,209,181,213,172,112,176,116,168,124,162,134,156,150,150,166,151,181,149,195,153,203,159,209,164,213,172,120,175,127,181,133,185,142,187,153,189,166,190,178,188,188,185,195,182,199,178,205,171,120,175,127,170,134,168,143,166,153,165,165,165,176,164,185,164,193,165,199,167,205,171,166,99,112,177,117,186,124,195,134,204,149,210,166,212,182,209,195,201,203,191,208,181,211,172,112,177,116,169,124,163,134,156,150,150,165,151,180,149,194,153,202,159,208,165,211,172,120,176,127,183,133,186,141,189,152,191,165,191,178,189,187,186,194,183,198,179,203,172,120,176,127,171,134,168,143,166,153,165,165,165,175,164,184,164,191,165,197,167,203,172,167,99,113,177,118,186,125,196,135,205,150,211,167,213,184,210,197,202,205,191,210,182,213,172,113,177,117,169,125,163,134,156,150,150,166,151,181,148,196,152,204,159,210,164,213,172,121,176,128,183,134,187,143,190,153,192,167,193,179,191,189,188,196,184,200,180,205,172,121,176,127,170,135,168,144,166,154,165,166,164,177,164,186,164,193,165,199,167,205,172,167,99,113,177,118,187,125,196,135,206,150,212,168,214,184,210,197,203,205,192,210,182,213,172,113,177,117,169,125,163,134,156,150,150,166,151,181,148,196,152,204,159,210,164,213,172,121,176,128,184,134,187,143,191,154,193,167,193,179,191,189,188,196,184,200,180,205,172,121,176,128,171,135,168,144,166,154,165,166,164,177,164,186,164,193,165,199,167,205,172,167,99,113,177,118,187,124,196,135,206,150,212,168,213,185,210,197,202,206,192,210,182,213,172,113,177,117,169,124,163,134,156,150,150,167,151,182,148,197,152,205,158,210,164,213,172,121,176,128,184,134,187,143,190,154,192,167,193,180,191,189,188,196,184,200,180,205,172,121,176,127,171,135,168,143,166,154,165,166,164,177,164,187,164,194,165,200,167,205,172,167,97,112,179,116,189,123,198,134,209,149,215,167,217,185,213,198,205,206,194,211,184,214,173,112,179,116,170,123,163,133,156,150,150,166,150,181,148,196,152,205,159,210,165,214,173,120,178,127,186,133,190,142,193,153,195,167,196,179,194,189,190,196,186,200,182,205,173,120,178,127,172,134,169,143,166,153,165,166,164,177,164,186,164,193,166,199,168,205,173,167,98,111,178,116,187,123,197,134,207,149,213,167,215,184,211,197,204,205,193,210,183,213,173,111,178,116,170,123,163,133,156,150,150,166,151,181,148,196,153,204,159,210,165,213,173,119,177,127,184,132,188,141,191,153,193,166,194,179,192,188,189,195,185,200,181,205,173,119,177,126,171,134,169,142,167,153,166,165,165,176,164,186,165,193,166,199,168,205,173,167,98,112,178,116,188,123,197,134,207,149,214,167,215,184,212,197,204,206,193,210,183,213,173,112,178,116,170,123,163,133,156,150,150,166,151,181,148,196,153,204,159,210,165,213,173,120,177,127,185,133,188,142,192,153,194,167,195,179,193,189,189,196,185,200,181,205,173,120,177,126,171,134,169,143,167,153,165,166,165,177,164,186,164,193,166,199,168,205,173,167,97,111,178,116,187,123,197,134,207,149,214,167,215,185,212,197,204,206,193,210,182,213,172,111,178,116,169,123,163,133,156,150,150,166,150,181,148,196,152,204,158,210,164,213,172,119,177,127,184,132,188,142,192,153,194,167,195,179,192,189,189,196,185,200,180,205,172,119,177,126,171,134,168,143,166,153,165,166,164,177,163,186,164,193,165,199,167,205,172,166,98,111,178,116,188,123,198,134,209,149,216,167,217,185,214,197,205,206,194,210,183,213,173,111,178,116,170,123,163,133,156,150,150,166,151,181,148,196,152,204,159,210,165,213,173,119,177,127,186,132,190,142,194,153,196,167,197,179,195,189,191,196,186,200,182,205,173,119,177,126,171,134,168,143,166,153,165,165,164,177,164,186,164,193,165,199,167,205,173,167,99,112,178,117,188,124,198,135,208,150,215,168,217,185,213,198,205,207,194,211,183,215,173,112,178,116,170,124,163,134,156,150,150,166,151,182,148,197,152,205,159,211,165,215,173,120,177,127,186,133,190,142,194,153,196,167,197,180,195,190,191,197,186,201,182,206,173,120,177,126,171,134,168,143,166,154,165,166,164,177,164,187,164,194,165,200,167,206,173,167,98,112,178,117,187,124,197,135,208,150,214,168,216,185,212,198,204,206,193,211,183,214,172,112,178,116,169,124,163,134,156,150,150,167,151,182,148,197,152,205,158,211,164,214,172,120,177,127,185,133,189,142,193,154,195,167,196,180,194,189,190,197,185,201,181,206,172,120,177,127,171,134,168,143,166,154,165,166,164,177,164,187,164,194,165,200,167,206,172,166,98,112,178,117,187,124,197,135,207,150,213,168,215,185,211,198,203,206,193,211,182,214,172,112,178,116,170,124,163,134,156,150,150,166,151,181,148,196,152,205,159,211,164,214,172,120,177,127,185,133,188,142,192,153,194,167,195,180,193,189,189,197,185,201,181,206,172,120,177,127,171,134,168,143,166,154,165,166,164,177,164,187,164,194,165,200,167,206,172,166,98,112,178,117,187,124,197,135,207,150,213,168,214,185,211,198,203,206,192,211,182,214,172,112,178,116,170,124,163,134,156,150,150,166,151,181,148,196,152,205,159,211,164,214,172,120,177,127,184,133,188,142,191,153,194,167,194,180,192,189,189,197,185,201,180,206,172,120,177,126,171,134,168,143,166,154,165,166,165,177,164,187,164,194,165,200,167,206,172,166,99,112,179,117,189,124,200,134,210,149,217,168,219,185,215,198,207,206,196,211,185,214,174,112,179,116,170,124,164,133,156,150,150,166,151,181,149,196,153,204,160,210,166,214,174,120,178,127,187,133,191,142,195,153,198,167,199,180,197,189,193,196,188,200,184,205,174,120,178,127,172,134,169,143,166,153,165,166,165,177,164,186,164,193,166,199,168,205,174,167,98,112,178,117,189,124,199,134,210,149,217,168,219,185,216,198,207,207,195,211,184,215,173,112,178,116,169,124,163,134,156,150,150,166,151,182,148,197,153,205,159,211,165,215,173,120,177,127,186,133,191,142,195,153,198,167,199,180,197,190,193,197,188,201,183,206,173,120,177,127,171,134,168,143,166,154,164,166,164,177,163,187,164,194,165,200,167,206,173,166,100,114,179,118,190,124,201,135,213,149,220,168,222,185,218,198,210,206,197,210,186,213,174,114,179,118,169,125,163,134,155,150,150,166,150,181,148,196,152,204,159,209,165,213,174,122,178,129,188,134,193,143,198,153,201,167,202,179,200,189,195,195,190,199,185,204,174,122,178,128,171,135,168,144,165,154,164,166,163,177,163,186,163,193,165,198,168,204,174,167,100,113,179,118,191,124,202,135,214,149,221,168,223,185,219,198,210,206,198,210,186,213,174,113,179,117,170,124,163,134,156,150,150,166,150,182,148,197,152,204,159,210,165,213,174,122,179,129,189,134,194,143,199,154,202,167,203,180,200,189,196,196,191,200,185,205,175,122,179,128,171,135,168,144,165,154,164,166,164,177,163,186,163,193,165,199,168,205,175,167,100,114,178,119,189,125,200,135,211,150,219,168,220,185,217,197,208,205,196,209,184,212,173,114,178,118,169,125,163,134,155,150,150,166,150,181,148,196,152,203,159,209,165,212,173,123,177,129,187,135,192,143,196,154,199,167,200,179,198,188,194,195,189,199,183,204,173,123,177,129,170,136,167,144,165,154,164,166,163,177,163,186,163,192,165,198,167,204,173,167,100,114,178,119,189,125,200,135,211,150,218,168,220,185,217,198,208,205,196,210,185,213,174,114,178,118,169,125,163,135,155,150,150,166,150,181,148,196,153,204,159,209,165,213,174,123,177,129,187,135,191,143,196,154,199,167,200,180,198,189,194,195,189,199,184,204,174,123,177,129,170,136,167,144,165,154,164,166,164,177,163,186,164,193,165,198,168,204,174,166,98,115,177,119,187,125,197,135,208,150,215,167,217,184,214,196,205,204,194,208,184,211,174,115,177,119,169,126,163,135,156,150,150,166,151,180,149,194,153,202,159,207,165,211,174,123,176,130,185,135,189,143,193,153,196,166,196,178,194,187,191,194,186,198,182,202,173,123,176,129,170,136,168,144,166,154,165,165,164,176,164,184,164,191,166,197,168,202,173,166,98,115,178,119,188,125,198,135,209,150,216,167,218,184,214,196,206,204,194,208,184,211,174,115,178,119,169,126,163,135,156,150,150,166,151,180,149,195,153,202,160,208,166,211,174,123,177,129,185,135,189,143,194,153,196,166,197,179,195,188,192,194,187,198,182,203,174,123,177,129,171,136,168,144,166,154,165,165,165,176,164,185,165,191,166,197,168,203,174,166,97,116,178,120,187,126,197,136,207,150,214,167,216,184,213,196,205,204,194,208,184,210,174,116,178,120,169,126,163,135,156,150,150,166,151,180,149,194,153,202,160,207,166,210,174,124,176,130,184,135,188,143,192,154,195,166,196,178,194,187,190,194,186,198,182,202,174,124,176,130,171,137,168,145,166,154,165,165,165,176,164,184,165,191,166,197,168,202,174,166,97,115,176,119,186,125,195,135,206,149,212,167,214,183,211,195,203,203,192,207,182,210,173,115,176,119,168,126,162,135,156,150,150,165,151,180,149,194,153,202,159,207,165,210,173,123,175,129,183,135,187,143,190,153,193,166,194,178,192,187,188,194,184,197,180,202,172,123,175,129,170,136,168,144,166,154,165,165,165,176,164,184,165,191,166,196,167,202,172,166,96,114,176,119,185,125,194,135,204,149,211,166,213,183,209,195,202,203,191,207,181,210,172,114,176,118,168,126,162,135,155,150,150,165,151,180,148,194,153,201,159,207,164,210,172,122,174,129,182,134,185,142,189,153,191,166,192,178,190,187,187,193,183,197,179,202,172,122,174,129,169,136,167,144,166,154,165,165,165,175,164,184,164,191,165,196,167,202,172,167,97,115,175,119,184,125,194,135,204,149,210,166,212,182,209,195,201,203,190,207,181,210,172,115,175,119,168,126,162,135,155,150,150,165,151,180,148,194,153,201,159,207,164,210,172,123,174,129,181,134,185,143,188,153,190,166,191,177,189,186,186,193,182,197,179,202,172,123,174,129,169,136,167,144,166,154,165,165,165,175,164,184,164,191,165,196,167,202,172,166,98,115,179,119,189,125,199,135,210,149,217,166,219,183,216,195,207,203,196,207,185,209,175,115,179,119,170,126,164,134,156,150,150,165,151,179,149,193,154,201,161,206,167,209,175,123,178,129,186,135,190,143,194,153,197,166,198,178,196,186,192,193,188,196,183,201,175,123,178,129,172,136,169,144,167,154,166,165,165,175,165,183,165,190,167,195,169,201,175,166,97,115,178,119,187,125,197,135,208,149,215,167,217,183,214,195,206,203,194,207,184,209,174,115,178,119,169,126,163,135,156,150,150,165,151,180,148,194,153,201,160,206,166,209,174,123,177,130,185,135,189,143,193,153,195,166,196,178,194,186,191,193,186,197,182,201,174,123,177,130,171,137,168,144,166,154,165,165,165,175,164,183,165,190,166,195,168,201,174,166,99,114,179,118,189,124,200,134,211,149,219,167,221,184,217,197,209,205,197,209,186,212,175,114,179,118,170,125,163,134,156,150,150,165,151,181,149,195,153,203,160,209,166,212,175,122,178,129,187,134,192,142,196,153,199,166,200,179,198,188,194,195,189,199,184,204,175,122,178,128,171,136,168,144,166,154,165,165,164,176,164,185,164,192,166,198,169,204,175,167,99,115,179,119,189,125,200,135,211,150,218,168,220,185,217,198,208,206,196,210,186,213,175,115,179,119,170,126,163,135,156,150,150,166,151,181,149,196,153,204,160,209,166,213,175,123,178,130,187,135,192,143,196,154,199,167,200,180,198,189,194,196,189,200,184,205,175,123,178,129,171,136,168,145,166,154,165,166,165,177,164,186,165,193,166,199,169,205,175,166,98,113,177,118,186,124,196,135,205,149,212,167,213,183,210,196,203,204,192,209,182,213,173,113,177,117,169,124,163,134,156,150,150,165,151,180,149,195,153,203,159,209,165,213,173,121,176,128,183,133,187,142,190,153,193,166,193,178,191,188,188,195,184,199,180,205,173,121,176,127,171,135,168,143,166,153,165,165,165,176,164,185,164,192,166,199,168,205,173,166,100,113,178,118,188,124,198,134,209,149,216,167,218,184,214,196,206,205,195,209,185,212,174,113,178,117,169,124,163,134,155,150,150,165,150,180,148,195,153,203,160,209,166,212,174,121,177,128,186,134,190,142,194,153,197,166,197,178,195,188,192,195,187,199,183,204,174,121,177,128,171,135,168,143,166,153,164,165,164,176,164,185,164,192,166,198,168,204,174,167,99,113,175,118,184,125,192,135,202,149,208,167,209,183,206,196,199,204,190,209,181,213,172,113,175,117,168,124,162,134,155,150,150,166,151,181,149,196,153,204,159,210,165,213,172,121,174,128,181,133,184,142,186,153,188,166,189,178,187,188,185,195,181,200,178,205,172,121,174,127,169,135,167,143,166,153,165,165,165,177,164,186,164,193,165,199,167,205,172,167,102,113,176,118,185,124,194,135,204,149,210,166,212,183,209,195,201,204,191,209,181,212,172,113,176,117,168,124,162,134,155,150,150,166,151,181,148,195,153,203,159,209,164,212,172,121,175,128,182,133,186,142,189,153,191,166,192,178,190,188,187,195,183,199,179,204,172,121,175,127,170,134,167,143,165,153,164,165,164,176,163,185,164,193,165,199,167,204,172,166,101,113,176,118,185,124,193,135,202,149,208,167,210,183,207,195,200,204,190,209,181,212,172,113,176,117,169,124,163,134,156,150,150,166,151,180,149,195,153,203,159,209,164,212,172,121,175,128,181,133,184,142,187,153,189,166,189,178,188,187,185,195,181,199,178,204,171,121,175,127,170,134,168,143,166,153,165,165,165,176,164,185,164,192,165,198,167,204,171,167,102,114,176,118,184,125,193,135,202,149,208,166,209,183,206,195,199,203,189,208,180,211,172,114,176,117,168,125,163,134,156,150,150,165,151,180,149,195,153,203,159,208,164,211,172,122,175,128,181,134,184,142,187,153,189,166,189,178,187,187,185,194,181,198,178,203,171,122,175,128,170,135,168,143,166,153,165,165,165,176,164,185,164,192,165,198,167,203,171,167,100,113,174,118,182,125,189,136,198,150,203,167,205,183,202,196,195,204,186,209,177,212,169,113,174,117,167,124,162,134,155,150,150,166,151,181,149,196,152,204,158,209,163,212,169,121,173,128,178,133,180,142,182,153,184,166,184,178,183,188,180,195,177,199,175,205,169,121,173,127,169,134,167,143,166,154,165,166,165,177,164,186,164,193,164,199,165,205,169,166,99,112,174,117,182,124,190,135,198,149,204,166,205,183,202,195,195,204,186,209,177,213,169,112,174,116,167,124,162,133,155,150,150,165,151,180,148,195,152,204,157,210,162,213,169,120,173,127,178,133,181,142,183,153,184,166,185,178,183,188,180,195,177,199,174,205,169,120,173,126,168,134,167,142,166,153,165,165,165,176,164,186,163,193,164,199,165,205,169,166,99,113,174,118,181,125,189,136,197,150,203,167,204,183,201,195,194,204,184,209,176,212,168,113,174,117,167,124,162,134,155,150,150,165,151,180,148,195,152,203,157,209,162,212,168,120,173,127,177,133,180,142,182,153,183,166,183,178,181,187,179,195,176,199,173,204,168,120,173,127,169,134,167,143,166,153,165,165,165,176,164,185,163,193,164,199,165,204,168,166,99,114,174,119,181,125,189,136,197,150,203,167,204,183,201,195,194,204,184,209,176,212,168,114,174,118,167,125,162,134,155,150,150,166,151,180,148,195,151,203,157,209,162,212,168,122,173,128,177,134,180,143,182,153,183,166,183,178,182,188,179,195,176,199,173,205,168,122,173,128,168,135,167,143,166,154,165,165,164,176,164,186,163,193,164,199,164,205,168,165,99,114,174,119,180,126,187,136,195,150,200,167,201,182,198,195,192,204,183,209,176,213,169,114,174,117,168,125,162,134,156,150,150,165,151,180,149,195,153,204,158,210,163,213,169,121,173,128,176,134,178,142,179,153,180,166,180,178,178,188,176,196,174,200,173,206,168,121,173,128,169,135,168,143,166,154,166,165,166,177,165,186,164,194,165,200,165,206,168
0,151,97,98,174,103,181,110,188,120,196,134,201,151,202,166,200,178,193,187,185,192,177,196,169,98,174,102,167,110,161,120,155,135,149,150,150,165,148,179,152,187,158,193,163,196,169,106,173,112,177,118,179,127,181,138,182,150,182,162,181,171,179,179,176,183,174,188,169,106,173,112,169,120,167,128,165,138,164,150,164,160,163,169,163,176,164,182,165,188,169,151,96,96,172,101,179,109,186,120,194,134,199,150,200,166,197,178,191,187,183,192,175,196,167,96,172,101,165,108,160,119,154,135,149,150,150,164,148,178,151,187,157,192,161,196,167,104,170,111,175,117,177,126,178,137,180,150,180,162,179,171,176,178,174,183,172,188,167,104,170,110,167,118,165,127,164,137,164,149,164,160,163,169,163,176,163,182,164,188,167,151,96,96,175,101,183,108,192,118,201,133,207,151,209,167,206,180,199,188,189,193,180,196,170,96,175,100,167,108,161,118,155,134,149,150,150,165,148,179,152,187,158,193,163,196,170,104,174,111,180,117,183,126,186,137,188,150,189,162,187,172,184,179,181,183,177,189,170,104,174,111,169,118,167,127,165,137,164,149,164,160,163,169,163,177,164,183,166,189,170,151,98,97,176,102,185,109,194,119,203,134,209,151,210,168,207,180,200,188,190,193,180,196,171,97,176,101,168,109,162,119,155,135,149,150,150,165,148,179,152,187,158,193,164,196,171,105,175,112,182,118,185,127,188,137,190,151,190,163,188,172,185,179,182,183,178,188,171,105,175,112,170,119,167,128,165,138,164,150,164,161,163,169,163,177,164,182,166,188,171,151,98,97,176,102,185,109,194,119,204,134,210,152,212,168,209,181,201,189,190,194,180,197,171,97,176,101,168,109,162,118,155,135,149,150,150,165,147,180,151,188,157,194,163,197,171,105,175,112,182,118,186,127,189,138,191,151,192,163,190,173,186,180,182,184,179,189,171,105,175,111,169,119,167,128,165,138,164,150,163,161,163,170,163,177,164,183,166,189,171,151,98,97,176,102,186,109,195,119,205,134,211,152,212,168,209,181,201,189,191,194,181,197,171,97,176,101,168,109,162,118,155,135,149,150,150,165,147,180,151,188,157,194,163,197,171,105,175,112,183,118,186,127,189,138,192,151,192,163,190,173,187,180,183,184,179,189,171,105,175,111,170,119,167,128,165,138,164,150,163,161,163,170,163,177,164,183,166,189,171,150,99,96,178,100,187,107,196,118,206,133,212,151,213,168,210,180,202,189,192,193,182,196,172,96,178,100,169,107,163,117,156,134,150,150,150,165,148,180,152,188,158,193,164,196,172,104,176,111,184,117,187,126,190,137,193,150,193,163,191,172,188,179,184,183,180,188,172,104,176,110,171,118,168,126,166,137,165,149,164,160,164,170,164,177,165,183,167,188,172,151,97,96,179,100,188,107,198,118,208,133,215,151,217,169,213,182,205,190,194,195,184,198,173,96,179,100,170,107,163,117,156,134,150,150,150,165,148,180,152,189,159,194,165,198,173,104,178,111,186,117,190,126,193,137,195,151,196,163,194,173,190,180,186,184,182,189,173,104,178,110,172,118,169,127,166,137,165,150,164,161,164,170,164,177,166,183,168,189,173,151,96,95,177,100,186,107,196,118,206,133,212,151,214,168,210,181,203,189,192,194,182,197,172,95,177,100,169,107,162,117,155,133,149,150,150,165,147,180,152,188,158,194,164,197,172,103,176,111,183,116,187,125,190,137,192,150,193,163,191,172,188,179,184,183,180,189,172,103,176,110,170,118,168,126,166,137,165,149,164,160,163,170,164,177,165,183,167,189,172,151,97,96,177,100,187,107,196,118,206,133,213,151,214,168,211,181,203,190,192,194,182,197,172,96,177,100,169,107,162,117,155,134,149,150,150,165,147,180,152,188,158,194,164,197,172,104,176,111,184,117,187,126,191,137,193,151,194,163,192,173,188,180,184,184,180,189,172,104,176,110,170,118,168,127,166,137,164,149,164,161,163,170,164,177,165,183,167,189,172,151,97,95,178,100,187,107,197,118,207,133,213,151,215,168,212,181,204,190,193,194,182,197,172,95,178,99,169,107,163,117,156,134,150,150,150,165,148,180,152,188,158,194,164,197,172,103,177,110,184,116,188,126,192,137,194,151,194,163,192,173,189,180,185,184,181,189,172,103,177,110,171,118,168,127,166,137,165,149,164,161,164,170,164,177,165,183,167,189,172,150,97,95,177,100,187,107,197,118,208,133,215,151,216,169,213,181,205,190,193,194,182,197,172,95,177,100,169,107,162,117,155,133,149,150,150,165,147,180,151,188,158,194,164,197,172,103,176,111,185,116,189,126,193,137,195,151,196,163,194,173,190,180,185,184,181,189,172,103,176,110,170,118,167,127,165,137,164,149,163,161,163,170,163,177,164,183,166,189,172,151,98,96,177,101,187,108,197,119,207,134,214,152,216,169,212,182,204,190,193,195,182,198,172,96,177,100,169,108,162,118,155,134,149,150,150,166,147,181,152,189,158,195,164,198,172,104,176,111,185,117,189,126,192,137,195,151,196,164,194,174,190,181,185,185,181,190,172,104,176,110,170,118,167,127,165,138,164,150,163,161,163,171,163,178,164,184,166,190,172,150,97,95,177,100,186,107,196,118,207,133,213,151,215,168,211,181,203,189,192,194,182,197,171,95,177,99,168,107,162,117,155,133,149,150,150,165,147,180,151,188,157,194,163,197,171,103,176,110,184,116,188,125,192,136,194,150,195,163,193,172,189,180,184,184,180,189,171,103,176,110,170,117,167,126,165,137,164,149,163,160,162,170,163,177,164,183,166,189,171,150,97,96,177,101,186,108,196,119,206,134,212,152,214,169,210,182,202,190,192,195,181,198,171,96,177,100,169,108,162,118,155,134,149,150,150,165,147,180,152,189,158,195,163,198,171,104,176,111,184,117,187,126,191,137,193,151,193,164,191,173,188,180,184,185,180,190,171,104,176,110,170,118,167,127,165,137,164,150,164,161,163,171,163,178,164,184,166,190,171,150,97,96,177,101,186,108,196,119,206,134,212,152,213,169,210,182,202,190,191,195,181,198,171,96,177,100,168,108,162,118,155,134,149,150,150,165,147,180,151,189,158,195,163,198,171,104,176,111,183,117,187,126,190,137,193,151,193,164,191,173,188,181,184,185,179,190,171,104,176,110,170,118,167,127,165,138,164,150,163,161,163,171,163,178,164,184,166,190,171,150,98,96,178,101,188,108,199,118,209,133,216,152,218,169,214,182,206,190,195,195,184,198,173,96,178,100,169,108,163,117,155,134,149,150,150,165,148,180,152,188,159,194,165,198,173,104,177,111,186,117,190,126,194,137,197,151,198,164,196,173,192,180,187,184,183,189,173,104,177,111,171,118,168,127,165,137,164,150,164,161,163,170,163,177,165,183,167,189,173,151,97,96,177,101,188,108,198,118,209,133,216,152,218,169,214,182,206,191,194,195,183,199,172,96,177,100,168,108,162,118,155,134,149,150,150,166,147,181,152,189,158,195,164,199,172,104,176,111,185,117,190,126,194,137,197,151,198,164,196,174,192,181,187,185,182,190,172,104,176,111,170,118,167,127,165,138,164,150,163,161,162,171,163,178,164,184,166,190,172,150,100,98,179,102,190,108,201,119,213,133,220,151,222,169,218,182,210,190,197,194,186,197,174,98,179,102,169,109,163,118,155,134,150,150,150,165,148,180,152,188,159,193,165,197,174,106,178,113,188,118,193,127,198,137,201,151,202,163,200,173,195,179,190,183,185,188,174,106,178,112,171,119,168,128,165,138,164,150,163,161,163,170,163,177,165,182,168,188,174,151,100,97,179,102,191,108,202,119,214,133,221,152,223,169,219,182,210,190,198,194,186,197,174,97,179,101,170,108,163,118,156,134,150,150,150,166,148,181,152,188,159,194,165,197,174,106,179,113,189,118,194,127,199,137,202,151,203,164,200,173,196,180,191,184,185,189,175,106,179,112,171,119,168,128,165,138,164,150,164,161,163,170,163,177,165,183,168,189,175,151,100,98,178,103,189,109,200,119,211,134,219,152,220,169,217,181,208,189,196,193,184,196,173,98,178,102,169,109,163,118,155,134,150,150,150,165,148,180,152,187,159,193,165,196,173,107,177,113,187,119,192,127,196,138,199,151,200,163,198,172,194,179,189,183,183,188,173,107,177,113,170,120,167,128,165,138,164,150,163,161,163,170,163,176,165,182,167,188,173,151,100,98,178,103,189,109,200,119,211,134,218,152,220,169,217,182,208,189,196,194,185,197,174,98,178,102,169,109,163,119,155,134,150,150,150,165,148,180,153,188,159,193,165,197,174,107,177,113,187,119,191,127,196,138,199,151,200,164,198,173,194,179,189,183,184,188,174,107,177,113,170,120,167,128,165,138,164,150,164,161,163,170,164,177,165,182,168,188,174,150,96,99,176,103,186,109,196,119,207,134,214,151,216,168,213,180,204,188,193,192,183,195,173,99,176,103,168,110,162,119,154,134,149,150,150,164,148,178,152,186,158,191,164,195,173,107,175,114,184,119,188,127,192,137,194,150,195,162,193,171,190,178,185,182,181,186,172,107,175,113,169,120,167,128,165,138,164,149,163,160,163,168,163,175,165,181,167,186,172,150,97,99,177,103,187,109,197,119,208,134,215,151,217,168,213,180,205,188,193,192,183,195,173,99,177,103,168,110,162,119,155,134,149,150,150,164,148,179,152,186,159,192,165,195,173,107,176,114,184,119,188,127,193,137,195,150,196,163,194,172,191,178,186,182,181,187,173,107,176,113,170,120,167,128,165,138,164,150,164,160,163,169,164,175,165,181,167,187,173,150,96,100,177,104,186,110,196,120,206,134,213,151,215,167,212,180,204,188,193,192,183,194,173,100,177,104,168,110,162,119,155,134,149,150,150,164,148,178,152,186,159,191,165,194,173,108,175,114,183,119,187,127,191,138,194,150,194,162,193,171,189,178,185,181,181,186,173,108,175,114,170,121,167,129,165,138,164,149,164,160,163,168,164,175,165,180,167,186,173,151,96,100,175,104,185,110,194,120,205,134,211,152,213,168,210,180,202,188,191,192,181,195,172,100,175,104,167,111,161,120,154,135,149,150,150,165,148,179,152,187,158,192,164,195,172,108,174,114,182,120,186,128,189,138,192,151,193,163,191,172,187,179,183,182,179,187,171,108,174,114,169,121,167,129,165,139,164,150,164,161,163,169,163,176,165,181,166,187,171,151,96,99,175,104,183,110,193,120,203,134,210,151,211,167,208,180,200,188,190,192,180,195,171,99,175,103,167,111,161,120,154,135,149,150,150,165,147,179,152,186,158,192,163,195,171,107,173,114,181,119,184,127,187,138,190,151,191,162,189,172,186,178,182,182,178,187,171,107,173,114,168,121,166,129,165,139,164,150,164,160,163,169,163,176,164,181,166,187,171,152,96,100,174,104,183,110,193,120,203,134,209,151,211,167,208,180,200,188,189,192,180,195,171,100,174,104,167,111,161,120,154,135,149,150,150,165,147,179,152,186,158,192,163,195,171,108,173,114,180,119,184,128,187,138,189,151,190,162,188,171,185,178,181,182,178,187,170,108,173,114,168,121,166,129,165,139,164,150,164,160,163,169,163,176,164,181,166,187,170,151,97,100,178,104,188,110,198,120,209,134,216,151,218,168,215,180,206,188,195,192,184,194,174,100,178,104,169,111,163,120,155,135,149,150,150,164,148,179,153,186,160,191,166,194,174,108,177,114,185,120,189,128,193,138,196,151,197,163,195,171,191,178,187,182,182,186,174,108,177,114,171,121,168,129,166,139,165,150,164,160,164,168,164,175,166,180,168,186,174,151,96,100,177,104,186,110,196,120,207,134,214,152,216,168,213,180,205,188,193,192,183,194,173,100,177,104,168,111,162,120,154,135,149,150,150,165,147,179,152,186,159,191,165,194,173,108,176,115,184,120,188,128,192,138,194,151,195,163,193,171,190,178,185,182,181,186,173,108,176,115,170,122,167,129,165,139,164,150,164,160,163,168,164,175,165,180,167,186,173,151,98,99,178,103,188,109,199,119,210,134,218,152,220,169,216,182,208,190,196,194,185,197,174,99,178,103,169,110,162,119,155,135,149,150,150,166,148,180,152,188,159,194,165,197,174,107,177,114,186,119,191,127,195,138,198,151,199,164,197,173,193,180,188,184,183,189,174,107,177,113,170,121,167,129,165,139,164,150,163,161,163,170,163,177,165,183,168,189,174,151,98,99,178,103,188,109,199,119,210,134,217,152,219,169,216,182,207,190,196,194,185,197,174,99,178,103,169,110,162,119,155,135,149,150,150,165,148,180,152,188,159,193,165,197,174,107,177,114,186,119,191,127,195,138,198,151,199,164,197,173,193,180,188,184,183,189,174,107,177,113,170,121,167,129,165,138,164,150,163,161,163,170,164,177,165,183,168,189,174,150,97,98,176,103,185,109,195,120,205,134,211,152,213,168,209,181,202,190,191,194,182,198,172,98,176,102,168,109,162,119,155,135,149,150,150,165,148,180,152,188,158,194,164,198,172,106,175,113,183,118,186,127,189,138,192,151,192,163,191,173,187,180,183,184,180,190,172,106,175,112,170,120,167,128,165,138,164,150,164,161,163,170,164,178,165,184,167,190,172,151,100,98,178,103,188,109,198,119,209,134,216,152,217,169,214,181,206,189,195,194,185,197,174,98,178,102,169,109,163,119,155,134,150,150,150,165,148,180,153,188,160,194,166,197,174,106,177,113,186,119,190,127,194,138,196,151,197,163,195,173,192,180,187,184,183,189,174,106,177,113,171,120,168,128,166,138,164,150,164,161,164,170,164,177,166,183,168,189,174,151,98,97,174,102,183,109,191,119,201,133,207,151,208,167,205,180,198,188,188,193,179,197,171,97,174,101,167,108,161,118,154,134,149,150,150,165,148,179,152,188,158,194,163,197,171,105,173,112,179,117,182,126,185,137,187,150,188,162,186,172,184,179,180,184,177,189,171,105,173,111,168,119,166,127,165,137,164,149,164,161,163,170,163,177,164,183,166,189,171,151,101,97,175,102,184,108,193,119,203,133,209,150,210,167,208,179,200,188,190,193,180,196,171,97,175,101,167,108,161,118,154,134,149,150,150,165,147,179,152,187,158,193,163,196,171,105,174,112,181,117,185,126,188,137,190,150,190,162,189,172,186,179,182,183,178,188,171,105,174,111,169,118,166,127,164,137,163,149,163,160,162,169,163,177,164,183,166,188,171,151,100,98,175,103,184,109,192,120,201,134,207,151,209,168,206,180,199,189,189,194,179,197,171,98,175,102,168,109,162,119,155,135,149,150,150,165,148,180,152,188,158,194,163,197,171,106,174,113,180,118,183,127,186,138,188,151,188,163,187,172,184,179,180,184,177,189,170,106,174,112,169,119,167,128,165,138,164,150,164,161,163,170,163,177,164,183,166,189,170,152,101,99,175,103,183,110,192,120,201,134,207,151,208,168,205,180,198,188,188,193,179,196,171,99,175,102,167,110,162,119,155,135,149,150,150,165,148,180,152,188,158,193,163,196,171,107,174,113,180,119,183,127,186,138,187,151,188,163,186,172,184,179,180,183,177,188,170,107,174,113,169,120,167,128,165,138,164,150,164,161,163,170,163,177,164,183,166,188,170,151,99,97,173,102,181,109,188,120,197,134,202,151,204,167,201,180,194,188,185,193,176,196,168,97,173,101,166,108,161,118,154,134,149,150,150,165,148,180,151,188,157,193,162,196,168,104,172,111,177,117,179,126,181,137,183,150,183,162,182,172,179,179,176,183,174,189,168,104,172,111,168,118,166,127,165,138,164,150,164,161,163,170,163,177,163,183,164,189,168,151,98,97,173,102,181,109,189,120,197,134,203,151,204,168,201,180,194,189,185,194,176,198,168,97,173,101,166,108,161,118,154,135,149,150,150,165,147,180,151,189,156,195,161,198,168,105,172,112,177,118,180,126,182,138,183,151,184,163,182,173,179,180,176,184,173,190,168,105,172,111,167,119,166,127,165,138,164,150,164,161,163,171,162,178,163,184,164,190,168,151,98,98,173,103,180,110,188,120,196,135,202,152,203,168,200,180,193,189,183,194,175,197,167,98,173,102,166,109,161,119,154,135,149,150,150,165,147,180,151,188,156,194,161,197,167,106,172,112,176,118,179,127,181,138,182,151,182,163,180,172,178,180,175,184,172,189,167,106,172,112,168,119,166,128,165,138,164,150,164,161,163,170,162,178,163,184,164,189,167,150,98,98,173,102,180,109,188,120,196,134,202,151,203,167,200,179,193,188,183,193,175,196,167,98,173,101,166,109,161,118,154,134,149,150,150,164,147,179,150,187,156,193,161,196,167,106,172,112,176,118,179,127,181,137,182,150,182,162,181,172,178,179,175,183,172,189,167,106,172,112,167,119,166,127,164,138,164,149,163,160,162,170,162,177,162,183,163,189,167,150,98,99,173,104,179,111,186,121,194,135,199,152,200,167,197,180,191,189,182,195,175,198,168,99,173,102,167,110,161,119,155,135,149,150,150,165,148,180,152,189,157,195,162,198,168,106,172,113,175,119,177,127,178,138,179,151,179,163,177,173,175,181,173,185,172,191,167,106,172,113,168,120,167,128,165,139,165,150,165,162,164,171,163,179,164,185,164,191,167
267,136,99,83,176,88,183,95,190,105,198,119,203,136,204,151,202,164,195,172,187,177,179,181,171,83,176,87,169,95,164,105,157,120,151,135,152,150,150,164,154,172,160,178,165,181,171,91,175,97,179,103,181,112,183,123,184,135,184,147,183,156,181,164,178,168,176,173,171,91,175,97,171,105,169,113,167,123,166,135,166,145,165,154,165,162,166,167,167,173,171,137,98,82,174,87,181,95,188,105,196,120,201,136,202,152,199,164,193,173,185,178,177,182,169,82,174,87,167,94,162,105,156,121,151,136,152,150,150,164,153,173,159,178,163,182,169,90,172,97,177,103,179,112,180,123,182,136,182,148,181,157,178,164,176,169,174,174,169,90,172,96,169,104,167,113,166,123,166,135,166,146,165,155,165,162,165,168,166,174,169,136,98,81,177,86,185,93,194,103,203,118,209,136,211,152,208,165,201,173,191,178,182,181,172,81,177,85,169,93,163,103,157,119,151,135,152,150,150,164,154,172,160,178,165,181,172,89,176,96,182,102,185,111,188,122,190,135,191,147,189,157,186,164,183,168,179,174,172,89,176,96,171,103,169,112,167,122,166,134,166,145,165,154,165,162,166,168,168,174,172,136,100,82,178,87,187,94,196,104,205,119,211,136,212,153,209,165,202,173,192,178,182,181,173,82,178,86,171,94,164,104,157,120,151,135,152,150,150,164,154,172,160,178,166,181,173,90,177,97,184,103,187,112,190,122,192,136,192,148,190,157,187,164,184,168,180,173,173,90,177,97,172,104,169,113,168,123,166,135,166,146,165,154,165,162,166,167,168,173,173,136,101,82,179,87,188,94,197,104,207,119,213,137,215,153,212,166,204,174,193,179,183,182,174,82,179,86,171,94,165,103,158,120,152,135,153,150,150,165,154,173,160,179,166,182,174,90,178,97,185,103,189,112,192,123,194,136,195,148,193,158,189,165,185,169,182,174,174,90,178,96,172,104,170,113,168,123,167,135,166,146,166,155,166,162,167,168,169,174,174,136,101,82,179,87,189,94,198,104,208,119,214,137,215,153,212,166,205,174,194,179,184,182,174,82,179,86,171,94,165,103,158,120,152,135,153,150,150,165,154,173,160,179,166,182,174,90,178,97,186,103,189,112,193,123,195,136,195,148,193,158,190,165,186,169,182,174,174,90,178,96,173,104,170,113,168,123,167,135,166,146,166,155,166,162,167,168,169,174,174,135,101,81,180,86,189,92,198,103,208,118,214,136,215,153,212,165,204,174,194,178,184,181,174,81,180,85,171,92,165,102,158,118,152,135,153,150,150,165,154,173,160,178,166,181,174,89,179,96,186,102,189,111,192,122,194,135,195,148,193,157,190,164,186,168,182,173,174,89,179,95,173,103,170,111,168,122,167,134,166,145,166,155,166,162,167,167,169,173,174,136,99,81,181,85,191,92,200,103,210,118,217,136,219,154,215,167,207,175,196,180,186,183,175,81,181,85,172,92,165,102,158,119,152,135,152,150,150,165,154,174,161,179,167,183,175,89,180,96,188,102,192,111,195,122,197,136,198,148,196,158,192,165,188,169,184,174,175,89,180,95,174,103,171,112,168,122,167,135,166,146,166,155,166,162,167,168,170,174,175,136,99,80,180,85,189,92,199,103,209,118,215,136,217,153,213,166,206,174,195,179,185,182,175,80,180,85,172,92,165,102,158,118,152,135,153,150,150,165,155,173,161,179,167,182,175,88,179,96,186,101,190,110,193,122,195,135,196,148,194,157,191,164,187,169,183,174,175,88,179,95,173,103,171,111,169,122,168,134,167,145,166,155,167,162,168,168,170,174,175,136,100,81,180,85,190,92,199,103,209,118,216,136,217,153,214,166,206,175,195,179,185,182,175,81,180,85,172,92,165,102,158,119,152,135,153,150,150,165,155,173,161,179,167,182,175,89,179,96,187,102,190,111,194,122,196,136,197,148,195,158,191,165,187,169,183,174,175,89,179,95,173,103,171,112,169,122,167,134,167,146,166,155,166,162,168,168,170,174,175,136,99,80,180,85,189,92,199,103,209,118,215,136,217,153,214,166,206,175,195,179,184,182,174,80,180,84,171,92,165,102,158,119,152,135,152,150,150,165,154,173,160,179,166,182,174,88,179,95,186,101,190,111,194,122,196,136,196,148,194,158,191,165,187,169,183,174,174,88,179,95,173,103,170,112,168,122,167,134,166,146,166,155,166,162,167,168,169,174,174,135,100,80,180,85,190,92,200,103,211,118,218,136,219,154,216,166,207,175,196,179,185,182,175,80,180,85,172,92,165,102,158,119,152,135,153,150,150,165,154,173,161,179,167,182,175,88,179,96,188,101,192,111,196,122,198,136,199,148,197,158,193,165,188,169,184,174,175,88,179,95,173,103,170,112,168,122,167,134,166,146,166,155,166,162,167,168,169,174,175,135,101,80,180,85,190,92,200,103,210,118,217,136,219,153,215,166,207,175,196,179,185,182,175,80,180,84,172,92,165,102,158,118,152,134,153,150,150,165,155,173,161,179,167,182,175,88,179,95,188,101,192,110,195,121,198,135,199,148,196,158,193,165,188,169,184,174,175,88,179,94,173,102,170,111,168,122,167,134,166,145,166,155,166,162,167,168,169,174,175,135,100,80,180,85,189,92,199,103,210,118,216,136,218,153,214,166,206,174,195,179,185,182,174,80,180,84,171,92,165,102,158,118,152,135,153,150,150,165,154,173,160,179,166,182,174,88,179,95,187,101,191,110,195,121,197,135,198,148,196,157,192,165,187,169,183,174,174,88,179,95,173,102,170,111,168,122,167,134,166,145,165,155,166,162,167,168,169,174,174,135,100,81,180,86,189,93,199,104,209,119,215,137,217,154,213,167,205,175,195,180,184,183,174,81,180,85,172,93,165,103,158,119,152,135,153,150,150,165,154,174,161,180,166,183,174,89,179,96,187,102,190,111,194,122,196,136,197,149,194,158,191,166,187,170,183,175,174,89,179,96,173,103,170,112,168,123,167,135,167,146,166,156,166,163,167,169,169,175,174,135,100,81,180,86,189,93,199,104,209,119,215,137,216,154,213,167,205,175,194,180,184,183,174,81,180,85,172,93,165,103,158,119,152,135,153,150,150,165,154,174,161,180,166,183,174,89,179,96,186,102,190,111,193,122,196,136,196,149,194,158,191,166,187,170,182,175,174,89,179,95,173,103,170,112,168,122,167,135,167,146,166,156,166,163,167,169,169,175,174,135,100,81,180,86,190,93,201,103,211,118,218,137,220,154,217,167,208,175,197,180,186,183,175,81,180,85,171,93,165,102,157,119,151,135,152,150,150,165,154,173,161,179,167,183,175,89,179,96,188,102,192,111,196,122,199,136,200,149,198,158,194,165,189,169,185,174,175,89,179,96,173,103,170,112,167,122,166,135,166,146,165,155,166,162,167,168,170,174,175,135,99,80,179,85,190,92,200,102,211,117,218,136,220,153,217,166,208,175,196,179,185,183,174,80,179,84,170,92,164,102,157,118,151,134,152,150,150,165,154,173,160,179,166,183,174,88,178,95,188,101,192,110,196,121,199,135,200,148,198,158,194,165,189,169,184,174,174,88,178,95,172,102,169,111,167,122,166,134,165,145,165,155,165,162,166,168,168,174,174,135,102,83,181,87,192,93,203,104,215,118,222,136,224,154,220,167,212,175,199,179,188,182,176,83,181,87,171,94,165,103,157,119,151,135,152,150,150,165,154,173,161,178,167,182,176,91,180,98,190,103,195,112,200,122,203,136,204,148,202,158,197,164,192,168,187,173,176,91,180,97,173,104,170,113,167,123,166,134,165,146,165,155,165,162,167,167,170,173,176,135,102,81,181,86,193,92,204,103,216,117,223,136,225,153,221,166,212,174,200,178,188,181,176,81,181,85,172,92,165,102,158,118,152,134,152,150,150,165,154,172,161,178,167,181,176,90,180,97,191,102,196,111,201,121,204,135,205,148,202,157,198,164,193,168,187,173,177,90,180,96,173,103,170,112,167,122,166,134,166,145,165,154,165,161,167,167,170,173,177,136,102,83,180,88,191,94,202,104,213,119,221,137,222,154,219,166,210,174,198,178,186,181,175,83,180,87,171,94,165,103,158,119,152,135,152,150,150,165,154,172,161,178,167,181,175,92,179,98,189,104,194,112,198,123,201,136,202,148,200,157,196,164,191,168,185,173,175,92,179,98,172,105,169,113,167,123,166,135,165,146,165,155,165,161,167,167,169,173,175,136,102,83,180,88,191,94,202,104,213,119,220,137,222,154,219,167,210,174,198,179,187,182,176,83,180,87,171,94,165,104,157,119,152,135,152,150,150,165,155,173,161,178,167,182,176,92,179,98,189,104,193,112,198,123,201,136,202,149,200,158,196,164,191,168,186,173,176,92,179,98,172,105,169,113,167,123,166,135,166,146,165,155,166,162,167,167,170,173,176,136,99,85,178,89,188,95,198,105,209,120,216,137,218,154,215,166,206,174,195,178,185,181,175,85,178,89,170,96,164,105,157,120,151,136,152,150,150,164,154,172,160,177,166,181,175,93,177,100,186,105,190,113,194,124,196,136,197,148,195,157,192,164,187,168,183,172,174,93,177,99,171,106,169,114,167,124,166,135,165,146,165,154,165,161,167,167,169,172,174,136,99,85,179,89,189,95,199,105,210,120,217,137,219,154,215,166,207,174,195,178,185,181,175,85,179,89,170,96,164,105,157,120,151,136,152,150,150,165,154,172,161,178,166,181,175,93,178,100,186,105,190,113,195,123,197,136,198,149,196,158,192,164,188,168,183,173,175,93,178,99,172,106,169,114,167,124,166,136,166,146,165,155,166,161,167,167,169,173,175,136,98,86,179,90,188,96,198,106,208,120,215,137,217,153,214,166,206,174,195,178,185,180,175,86,179,90,170,96,164,105,157,120,151,136,152,150,150,164,154,172,161,177,167,180,175,94,177,100,185,105,189,113,193,124,196,136,197,148,195,157,191,164,187,168,183,172,175,94,177,100,172,107,169,115,167,124,166,135,166,146,165,154,166,161,167,166,169,172,175,136,98,85,177,89,187,95,196,105,207,119,213,137,215,153,212,165,204,173,193,177,183,180,174,85,177,89,169,96,163,105,157,120,151,135,152,150,150,164,154,172,160,177,166,180,174,93,176,99,184,105,188,113,191,123,194,136,195,148,193,157,189,164,185,167,181,172,173,93,176,99,171,106,169,114,167,124,166,135,166,146,165,154,165,161,167,166,168,172,173,136,98,84,178,89,186,95,196,105,206,119,213,136,214,152,211,165,204,173,193,177,183,180,174,84,178,88,170,95,164,105,157,120,152,135,153,150,150,164,155,171,161,177,166,180,174,92,176,99,184,104,187,112,191,123,193,136,194,147,192,157,189,163,185,167,181,172,174,92,176,99,171,106,169,114,168,124,167,135,167,145,166,154,166,161,167,166,169,172,174,137,98,85,176,89,185,95,195,105,205,119,211,136,213,152,210,165,202,173,191,177,182,180,173,85,176,89,169,96,163,105,156,120,151,135,152,150,150,164,154,171,160,177,165,180,173,93,175,99,182,104,186,113,189,123,191,136,192,147,190,156,187,163,183,167,180,172,173,93,175,99,170,106,168,114,167,124,166,135,166,145,165,154,165,161,166,166,168,172,173,137,99,86,180,90,190,96,200,106,211,120,218,137,220,154,217,166,208,174,197,178,186,180,176,86,180,90,171,97,165,105,157,121,151,136,152,150,150,164,155,172,162,177,168,180,176,94,179,100,187,106,191,114,195,124,198,137,199,149,197,157,193,164,189,167,184,172,176,94,179,100,173,107,170,115,168,125,167,136,166,146,166,154,166,161,168,166,170,172,176,136,99,85,180,89,189,95,199,105,210,119,217,137,219,153,216,165,208,173,196,177,186,179,176,85,180,89,171,96,165,105,157,120,152,135,153,150,150,164,155,171,162,176,168,179,176,93,179,100,187,105,191,113,195,123,197,136,198,148,196,156,193,163,188,167,184,171,176,93,179,100,173,107,170,114,168,124,167,135,166,145,166,153,167,160,168,165,170,171,176,135,100,83,180,87,190,93,201,103,212,118,220,136,221,153,218,166,210,174,198,178,187,181,176,83,180,87,171,94,164,103,157,119,151,134,152,150,150,164,154,172,161,177,167,181,176,91,179,98,188,103,193,111,197,122,200,135,201,148,199,157,195,164,190,168,185,173,176,91,179,97,172,105,169,113,167,123,166,134,165,145,165,154,165,161,167,167,170,173,176,136,100,84,180,88,190,94,201,104,212,119,219,137,221,154,218,167,209,175,198,179,187,182,176,84,180,88,171,95,164,104,157,119,151,135,152,150,150,165,154,173,161,178,167,182,176,92,179,99,188,104,193,112,197,123,200,136,201,149,199,158,195,165,190,169,185,174,176,92,179,98,172,105,169,114,167,123,166,135,165,146,165,155,166,162,167,168,170,174,176,136,99,83,178,88,187,94,197,105,206,119,213,137,214,153,211,166,204,175,193,179,183,183,174,83,178,87,170,94,164,104,157,120,151,135,152,150,150,165,154,173,160,179,166,183,174,91,177,98,185,103,188,112,191,123,194,136,194,148,193,158,189,165,185,169,181,175,174,91,177,97,172,105,169,113,167,123,166,135,166,146,165,155,165,163,167,169,169,175,174,136,102,83,180,88,190,94,200,104,211,119,218,137,220,154,216,166,208,174,197,179,187,182,176,83,180,87,171,94,165,104,157,119,152,135,152,150,150,165,155,173,162,179,168,182,176,91,179,98,188,104,192,112,196,123,199,136,199,148,197,158,194,165,189,169,185,174,176,91,179,98,173,105,170,113,168,123,166,135,166,146,166,155,166,162,168,168,170,174,176,136,100,82,176,87,185,94,193,104,203,118,209,136,210,152,208,165,200,173,191,178,182,182,173,82,176,86,169,93,163,103,156,119,151,135,152,150,150,165,154,173,160,179,166,182,173,90,175,97,182,102,185,111,187,122,189,135,190,147,188,157,186,164,182,169,179,174,173,90,175,96,170,104,168,112,167,122,166,134,166,146,165,155,165,162,166,168,168,174,173,136,103,82,177,86,186,93,195,104,205,118,211,135,212,152,210,164,202,173,192,178,182,181,173,82,177,86,169,93,163,103,156,119,151,134,152,150,150,164,154,172,160,178,165,181,173,90,176,97,183,102,186,111,190,122,192,135,192,147,191,156,188,164,184,168,180,173,173,90,176,96,171,103,168,112,166,122,165,134,165,145,165,154,165,162,166,168,168,173,173,136,102,83,177,88,186,95,194,105,203,119,209,137,211,153,208,165,201,174,191,179,182,182,173,83,177,87,170,94,164,104,157,120,151,136,152,150,150,165,154,173,160,179,165,182,173,91,176,98,182,103,185,112,188,123,190,136,190,148,189,157,186,165,182,169,179,174,172,91,176,97,171,105,169,113,167,123,166,135,166,146,165,155,165,162,166,168,168,174,172,137,103,84,177,88,185,95,194,105,203,119,209,136,210,153,208,165,200,173,191,178,181,181,173,84,177,87,169,95,164,104,157,120,151,135,152,150,150,165,154,173,160,178,165,181,173,92,176,98,182,104,185,112,188,123,190,136,190,148,189,157,186,164,182,168,179,173,172,92,176,98,171,105,169,113,167,123,166,135,166,146,165,155,165,162,166,168,168,173,172,136,101,82,175,87,183,94,190,105,199,119,204,136,206,152,203,165,196,173,187,178,178,181,170,82,175,86,168,93,163,103,156,119,151,135,152,150,150,164,153,173,159,178,164,181,170,89,174,96,179,102,181,111,183,122,185,135,185,147,184,157,181,164,178,168,176,174,170,89,174,96,170,103,168,112,167,123,166,135,166,146,165,155,165,162,165,168,166,174,170,136,101,82,176,87,184,94,192,105,200,119,206,136,207,153,204,165,197,174,188,179,179,183,171,82,176,86,169,94,164,103,157,120,152,135,153,150,150,165,154,174,159,180,164,183,171,90,175,97,180,103,183,112,185,123,186,136,187,148,185,158,182,165,179,169,176,175,171,90,175,96,171,104,169,112,168,123,167,135,167,146,166,156,165,163,166,169,167,175,171,136,101,83,176,88,183,95,191,105,199,120,205,137,206,153,203,165,196,174,186,179,178,182,170,83,176,86,169,94,164,104,157,120,152,135,153,150,150,165,154,173,159,179,164,182,170,90,175,97,179,103,182,112,184,123,185,136,185,148,183,157,181,165,178,169,175,174,170,90,175,97,171,104,169,113,168,123,167,135,167,146,166,155,165,163,166,169,167,174,170,136,101,84,176,88,183,95,191,106,199,120,205,137,206,153,203,165,196,174,186,179,178,182,170,84,176,87,169,95,164,104,157,120,152,136,153,150,150,165,153,173,159,179,164,182,170,91,175,98,179,104,182,113,184,123,185,136,185,148,184,158,181,165,178,169,175,175,170,91,175,98,170,105,169,113,167,124,167,135,166,146,165,156,165,163,165,169,166,175,170,135,100,84,175,89,181,96,188,106,196,120,201,137,202,152,199,165,193,174,184,180,177,183,170,84,175,87,169,95,163,104,157,120,151,135,152,150,150,165,154,174,159,180,164,183,170,91,174,98,177,104,179,112,180,123,181,136,181,148,179,158,177,166,175,170,174,176,169,91,174,98,170,105,169,113,167,124,167,135,167,147,166,156,165,164,166,170,166,176,169
269,122,95,69,172,74,179,81,186,91,194,105,199,122,200,137,198,150,191,158,183,163,175,167,167,69,172,73,165,81,160,91,153,106,147,121,148,136,146,150,150,158,156,164,161,167,167,77,171,83,175,89,177,98,179,109,180,121,180,133,179,142,177,150,174,154,172,159,167,77,171,83,167,91,165,99,163,109,163,121,162,131,162,140,162,148,162,153,163,159,167,123,95,68,171,73,178,81,185,91,193,106,198,122,199,138,196,150,190,159,182,164,174,168,166,68,171,73,164,80,159,91,153,107,148,122,149,136,147,150,150,159,156,164,160,168,166,76,169,83,174,89,176,98,177,109,179,122,179,134,178,143,176,150,173,155,171,160,166,76,169,82,166,90,164,99,163,109,163,121,163,132,162,141,162,148,162,154,163,160,166,122,94,67,173,72,181,79,190,89,199,104,205,122,207,138,204,151,197,159,187,164,178,167,169,67,173,71,165,79,159,89,153,105,147,121,148,136,146,150,150,158,156,164,161,167,169,75,172,82,178,88,181,97,184,108,186,121,187,133,185,143,182,150,179,154,175,160,168,75,172,82,167,89,165,98,163,108,162,120,162,131,161,140,161,148,162,154,164,160,168,122,96,68,174,73,183,80,192,90,201,105,207,122,208,139,205,151,198,159,188,164,178,167,169,68,174,72,167,80,160,90,153,106,147,121,148,136,146,150,150,158,156,164,162,167,169,76,173,83,180,89,183,98,186,108,188,122,188,134,186,143,183,150,180,154,176,159,169,76,173,83,168,90,165,99,164,109,162,121,162,132,161,140,161,148,162,153,164,159,169,121,97,67,175,72,184,79,193,89,203,104,209,122,211,138,208,151,200,159,189,164,179,167,170,67,175,71,167,79,161,88,154,105,148,120,149,135,146,150,150,158,156,164,162,167,170,75,174,82,181,88,185,97,188,107,190,121,191,133,189,143,185,150,181,154,178,159,170,75,174,81,168,89,166,98,164,108,163,120,162,131,162,140,162,147,163,153,165,159,170,121,97,67,175,72,185,79,194,89,204,104,210,122,212,138,208,151,201,159,190,164,180,167,170,67,175,71,167,79,161,88,154,105,148,120,149,135,146,150,150,158,156,164,162,167,170,75,174,82,182,88,185,97,189,108,191,121,191,133,189,143,186,150,182,154,178,159,170,75,174,82,169,89,166,98,164,108,163,120,162,131,162,140,162,147,163,153,165,159,170,120,97,66,176,71,185,77,194,88,204,103,210,121,211,138,208,150,200,159,190,163,180,166,170,66,176,70,167,77,161,87,154,104,148,120,149,135,146,150,150,158,156,163,162,166,170,74,175,81,182,87,185,96,188,107,190,120,191,133,189,142,186,149,182,153,178,158,170,74,175,80,169,88,166,96,164,107,163,119,162,130,162,140,162,147,163,153,165,158,170,121,95,66,177,70,186,77,196,88,206,103,213,121,215,139,211,152,203,160,192,165,182,168,171,66,177,70,168,77,161,87,154,104,148,120,148,135,146,150,150,159,157,164,163,168,171,74,176,81,184,87,188,96,191,107,193,121,194,133,192,143,188,150,184,154,180,159,171,74,176,80,170,88,167,97,164,107,163,120,162,131,162,140,162,147,163,153,166,159,171,121,94,65,175,70,184,77,194,88,204,103,210,121,212,138,208,151,200,159,190,164,180,167,170,65,175,70,167,77,160,87,153,104,147,120,148,135,145,150,150,158,156,164,162,167,170,73,174,81,181,86,185,95,188,107,190,120,191,133,189,142,186,149,182,154,178,159,170,73,174,80,168,88,166,96,164,107,163,119,162,130,161,140,162,147,163,153,165,159,170,121,94,66,175,70,185,77,194,88,204,103,211,121,212,138,209,151,201,160,190,164,180,167,170,66,175,70,167,77,160,87,153,104,147,120,148,135,145,150,150,158,156,164,162,167,170,74,174,81,182,87,185,96,189,107,191,121,192,133,190,143,186,150,182,154,178,159,170,74,174,80,168,88,166,97,164,107,162,119,162,131,161,140,161,147,163,153,165,159,170,121,95,65,176,70,185,77,195,88,205,103,211,121,213,138,210,151,202,160,191,164,180,167,170,65,176,69,167,77,161,87,154,104,148,120,148,135,146,150,150,158,156,164,162,167,170,73,175,80,182,86,186,96,190,107,192,121,192,133,190,143,187,150,183,154,179,159,170,73,175,80,169,88,166,96,164,107,163,119,162,131,162,140,162,147,163,153,165,159,170,120,96,65,176,70,186,77,196,88,207,103,214,121,215,139,212,151,204,160,192,164,181,167,171,65,176,69,168,77,161,87,154,103,148,120,149,135,146,150,150,158,157,164,163,167,171,73,175,80,184,86,188,95,192,107,194,121,195,133,193,143,189,150,184,154,180,159,171,73,175,80,169,88,166,97,164,107,163,119,162,131,162,140,162,147,163,153,165,159,171,120,96,65,175,69,185,77,195,88,205,102,212,121,214,138,210,151,202,159,191,164,180,167,170,65,175,69,167,77,160,87,153,103,147,119,148,135,145,150,150,158,156,164,162,167,170,73,174,80,183,86,187,95,191,106,193,120,194,133,192,143,188,150,183,154,179,159,170,73,174,79,168,87,165,96,163,107,162,119,161,130,161,140,161,147,162,153,164,159,170,120,96,65,176,70,185,77,195,88,206,103,212,121,214,138,210,151,202,159,191,164,181,167,170,65,176,69,167,77,161,87,154,103,148,120,149,135,146,150,150,158,156,164,162,167,170,73,175,80,183,86,187,95,191,107,193,120,194,133,192,142,188,150,183,154,179,159,170,73,175,80,169,87,166,96,164,107,163,119,162,130,162,140,162,147,163,153,165,159,170,120,96,66,176,71,185,78,195,89,205,104,211,122,213,139,209,152,201,160,191,165,180,168,170,66,176,70,168,78,161,88,154,104,148,120,149,135,146,150,150,159,157,165,162,168,170,74,175,81,183,87,186,96,190,107,192,121,193,134,191,143,187,151,183,155,179,160,170,74,175,80,169,88,166,97,164,108,163,120,162,131,162,141,162,148,163,154,165,160,170,120,96,66,176,71,185,78,195,89,205,104,211,122,212,139,209,152,201,160,190,165,180,168,170,66,176,70,168,78,161,88,154,104,148,120,149,136,146,150,150,159,157,165,162,168,170,74,175,81,182,87,186,96,190,107,192,121,192,134,190,143,187,151,183,155,178,160,170,74,175,80,169,88,166,97,164,108,163,120,163,131,162,141,162,148,163,154,165,160,170,120,96,66,176,71,186,78,197,88,207,103,214,122,216,139,213,152,204,160,193,165,182,168,171,66,176,70,167,78,161,87,153,104,147,120,148,135,146,150,150,158,157,164,163,168,171,74,175,81,184,87,188,96,192,107,195,121,196,134,194,143,190,150,185,154,181,159,171,74,175,81,169,88,166,97,163,107,162,120,162,131,161,140,162,147,163,153,166,159,171,120,95,65,175,70,186,77,196,88,207,102,214,121,216,138,213,151,204,160,192,164,181,168,170,65,175,69,166,77,160,87,153,103,147,119,148,135,145,150,150,158,156,164,162,168,170,73,174,80,184,86,188,95,192,106,195,120,196,133,194,143,190,150,185,154,180,159,170,73,174,80,168,87,165,96,163,107,162,119,161,130,160,140,161,147,162,153,164,159,170,120,98,68,177,72,188,78,199,89,211,103,218,122,220,139,216,152,208,160,195,164,184,167,172,68,177,72,167,79,161,88,153,104,148,120,148,135,146,150,150,158,157,163,163,167,172,76,176,83,186,88,191,97,196,107,199,121,200,133,198,143,194,149,188,153,183,158,172,76,176,82,169,89,166,98,163,108,162,120,161,131,161,140,161,147,163,152,166,158,172,120,98,66,177,71,189,77,200,88,212,102,219,121,221,138,217,151,208,159,196,163,184,166,172,66,177,70,168,77,161,87,154,103,148,119,148,135,146,150,150,157,157,163,163,166,172,75,177,82,187,87,192,96,197,107,200,120,201,133,198,142,194,149,189,153,183,158,173,75,177,81,169,88,166,97,163,107,162,119,162,130,161,139,161,146,163,152,166,158,173,121,98,68,176,73,187,79,198,89,209,104,217,122,218,139,215,151,206,159,194,163,182,166,171,68,176,72,167,79,161,88,154,104,148,120,148,135,146,150,150,157,157,163,163,166,171,77,175,83,185,89,190,97,194,108,197,121,198,133,196,142,192,149,187,153,181,158,171,77,175,83,168,90,165,98,163,108,162,120,161,131,161,140,161,146,163,152,165,158,171,121,97,68,175,73,186,79,197,89,208,104,215,122,217,139,214,152,205,159,193,164,182,167,171,68,175,72,166,79,159,89,152,104,147,120,147,135,145,150,150,158,156,163,162,167,171,77,174,83,184,89,189,97,193,108,196,121,197,134,195,143,191,149,186,153,181,158,171,77,174,83,167,90,164,98,162,108,161,120,161,131,160,140,160,147,162,152,165,158,171,122,95,71,174,75,184,81,194,91,205,106,212,123,214,140,211,152,202,160,191,164,181,167,171,71,174,75,166,82,160,91,153,106,147,122,148,136,146,150,150,158,156,163,162,167,171,79,173,86,182,91,186,99,190,110,192,122,193,134,191,143,188,150,183,154,179,158,170,79,173,85,167,92,165,100,163,110,162,121,161,132,161,140,161,147,163,153,165,158,170,121,95,70,175,74,185,80,195,90,206,105,213,122,215,139,211,151,203,159,191,163,181,166,171,70,175,74,166,81,160,90,153,105,147,121,148,135,146,150,150,157,157,163,162,166,171,78,174,85,182,90,186,98,190,108,193,121,194,134,192,143,188,149,184,153,179,158,170,78,174,84,168,91,165,99,163,109,162,121,162,131,161,140,162,146,163,152,165,158,170,122,94,72,175,76,184,82,194,92,204,106,211,123,213,139,210,152,202,160,191,164,181,166,171,72,175,76,166,82,160,91,153,106,147,122,148,136,146,150,150,158,157,163,163,166,171,80,173,86,181,91,185,99,189,110,192,122,193,134,191,143,187,150,183,154,179,158,171,80,173,86,168,93,165,101,163,110,162,121,162,132,161,140,162,147,163,153,165,158,171,122,94,71,174,75,183,81,192,91,203,105,210,123,211,139,208,151,200,159,189,164,179,166,170,71,174,75,165,82,159,91,153,106,147,122,148,136,146,150,150,158,156,163,162,166,170,79,172,85,180,91,184,99,187,109,190,122,191,134,189,143,185,150,181,154,177,158,169,79,172,85,167,92,165,100,163,110,162,121,162,132,161,140,162,147,163,153,164,158,169,122,93,71,173,75,182,81,191,91,201,105,208,122,210,139,206,151,199,159,188,163,178,166,169,71,173,75,165,82,159,91,152,106,147,121,148,136,145,150,150,157,156,163,161,166,169,78,172,85,179,90,182,99,186,109,188,122,189,134,187,143,184,149,180,153,176,158,169,78,172,85,166,92,164,100,163,110,162,121,161,131,161,140,161,147,162,152,164,158,169,122,94,71,172,75,181,81,191,91,201,105,207,122,209,138,206,151,198,159,187,163,178,166,169,71,172,75,165,82,159,91,152,106,147,121,148,136,146,150,150,157,156,163,161,166,169,79,171,85,178,90,182,99,185,109,187,122,188,133,186,142,183,149,179,153,176,158,169,79,171,85,166,92,164,100,163,110,162,121,162,131,161,140,161,147,162,152,164,158,169,123,94,72,175,76,185,82,195,92,206,106,213,123,215,140,212,152,203,160,192,164,181,166,171,72,175,76,166,83,160,91,152,107,146,122,147,136,145,150,150,158,157,163,163,166,171,80,174,86,182,92,186,100,190,110,193,123,194,134,192,143,188,150,184,153,179,158,171,80,174,86,168,93,165,101,163,111,162,122,161,132,161,140,161,147,163,152,165,158,171,122,94,71,175,75,184,81,194,91,205,105,212,123,214,139,211,151,203,159,191,163,181,165,171,71,175,75,166,82,160,91,152,106,147,121,148,136,145,150,150,157,157,162,163,165,171,79,174,86,182,91,186,99,190,109,192,122,193,134,191,142,188,149,183,153,179,157,171,79,174,86,168,93,165,100,163,110,162,121,161,131,161,139,162,146,163,151,165,157,171,121,96,69,176,73,186,79,197,89,208,104,216,122,218,139,214,152,206,160,194,164,183,167,172,69,176,73,167,80,160,89,153,105,147,120,148,136,146,150,150,158,157,164,163,167,172,77,175,84,184,89,189,97,193,108,196,121,197,134,195,143,191,150,186,154,181,159,172,77,175,83,168,91,165,99,163,109,162,120,161,131,161,140,161,147,163,153,166,159,172,121,96,69,176,73,186,79,197,89,208,104,215,122,217,139,214,152,205,160,194,164,183,167,172,69,176,73,167,80,160,89,153,105,147,120,148,135,146,150,150,158,157,163,163,167,172,77,175,84,184,89,189,97,193,108,196,121,197,134,195,143,191,150,186,154,181,159,172,77,175,83,168,90,165,99,163,108,162,120,161,131,161,140,162,147,163,153,166,159,172,121,95,68,174,73,183,79,193,90,202,104,209,122,210,138,207,151,200,160,189,164,179,168,170,68,174,72,166,79,160,89,153,105,147,120,148,135,146,150,150,158,156,164,162,168,170,76,173,83,181,88,184,97,187,108,190,121,190,133,188,143,185,150,181,154,177,160,170,76,173,82,168,90,165,98,163,108,162,120,162,131,161,140,162,148,163,154,165,160,170,121,97,68,175,73,185,79,195,89,206,104,213,122,215,139,211,151,203,159,192,164,182,167,171,68,175,72,166,79,160,89,152,104,147,120,147,135,145,150,150,158,157,164,163,167,171,76,174,83,183,89,187,97,191,108,193,121,194,133,192,143,189,150,184,154,180,159,171,76,174,83,168,90,165,98,163,108,161,120,161,131,161,140,161,147,163,153,165,159,171,122,96,68,172,73,181,80,189,90,199,104,205,122,206,138,203,151,196,159,186,164,177,168,169,68,172,72,165,79,159,89,152,105,147,121,148,136,146,150,150,159,156,165,162,168,169,76,171,83,177,88,180,97,183,108,185,121,186,133,184,143,182,150,178,155,175,160,169,76,171,82,166,90,164,98,163,108,162,120,162,132,161,141,161,148,162,154,164,160,169,122,99,68,173,72,182,79,191,90,201,104,207,121,209,138,206,150,198,159,188,164,178,167,169,68,173,72,165,79,159,89,152,105,147,121,148,136,145,150,150,158,156,164,161,167,169,76,172,83,179,88,183,97,186,108,188,121,189,133,187,143,184,150,180,154,176,159,169,76,172,82,167,89,164,98,162,108,161,120,161,131,160,140,161,148,162,154,164,159,169,121,98,68,173,73,182,79,190,90,199,104,205,121,207,138,204,150,197,159,187,164,178,167,169,68,173,72,166,79,160,89,153,105,147,121,148,135,146,150,150,158,156,164,161,167,169,76,172,83,178,88,181,97,184,108,186,121,186,133,185,142,182,150,178,154,175,159,168,76,172,82,167,89,165,98,163,108,162,120,162,131,161,140,161,147,162,153,164,159,168,122,99,69,173,73,181,80,190,90,199,104,205,121,206,138,203,150,196,158,186,163,177,166,169,69,173,72,165,80,159,89,153,105,147,120,148,135,146,150,150,158,156,163,161,166,169,77,172,83,178,89,181,97,184,108,186,121,186,133,184,142,182,149,178,153,175,158,168,77,172,83,167,90,165,98,163,108,162,120,162,131,161,140,161,147,162,153,164,158,168,122,98,68,172,73,180,80,187,91,196,105,201,122,203,138,200,151,193,159,184,164,175,167,167,68,172,72,165,79,160,89,153,105,148,121,149,136,147,150,150,159,156,164,161,167,167,76,171,82,176,88,178,97,180,108,182,121,182,133,181,143,178,150,175,154,173,160,167,76,171,82,167,89,165,98,164,109,163,121,163,132,162,141,162,148,162,154,163,160,167,121,97,67,172,72,180,79,188,90,196,104,202,121,203,138,200,150,193,159,184,164,175,168,167,67,172,71,165,78,160,88,153,105,148,120,149,135,146,150,150,159,155,165,160,168,167,75,171,82,176,87,179,96,181,108,182,121,183,133,181,143,178,150,175,154,172,160,167,75,171,81,166,89,165,97,164,108,163,120,163,131,162,141,161,148,162,154,163,160,167,121,97,68,172,73,179,80,187,90,195,105,201,122,202,138,199,150,192,159,182,164,174,167,166,68,172,72,165,79,160,89,153,105,148,120,149,135,146,150,150,158,155,164,160,167,166,75,171,82,175,88,178,97,180,108,181,121,181,133,179,142,177,150,174,154,171,159,166,75,171,82,167,89,165,98,164,108,163,120,163,131,162,140,161,148,162,154,163,159,166,121,97,69,172,73,179,80,187,91,195,105,201,122,202,138,199,150,192,159,182,164,174,167,166,69,172,72,165,80,160,89,153,105,148,121,149,135,146,150,150,158,155,164,160,167,166,77,171,83,175,89,178,98,180,108,181,121,181,133,180,143,177,150,174,154,171,160,166,77,171,83,166,90,165,98,164,108,163,120,162,131,162,141,161,148,162,154,162,160,166,120,96,69,171,74,177,81,184,91,192,105,197,122,198,137,195,150,189,159,180,165,173,168,166,69,171,72,165,80,159,89,153,105,147,120,148,135,146,150,150,159,155,165,160,168,166,76,170,83,173,89,175,97,176,108,177,121,177,133,175,143,173,151,171,155,170,161,165,76,170,83,166,90,165,98,163,109,163,120,163,132,162,141,161,149,162,155,162,161,165
270,114,89,61,166,66,173,73,180,83,188,97,193,114,194,129,192,142,185,150,177,155,169,159,161,61,166,65,159,73,154,83,147,98,141,113,142,128,140,142,144,150,150,156,155,159,161,69,165,75,169,81,171,90,173,101,174,113,174,125,173,134,171,142,168,146,166,151,161,69,165,75,161,83,159,91,157,101,156,113,156,123,155,132,155,139,156,145,157,151,161,114,89,59,165,64,172,72,179,83,187,97,192,113,193,129,190,141,184,150,176,155,168,159,160,59,165,64,158,71,153,82,147,98,142,113,143,127,141,142,144,150,150,156,154,159,160,67,164,74,168,80,170,89,172,100,173,113,173,125,172,134,170,141,167,146,165,151,160,67,164,73,160,81,158,90,157,101,157,112,157,123,156,132,156,139,156,145,157,151,160,114,88,59,167,64,175,71,184,81,193,96,200,114,201,130,198,143,191,151,181,156,172,160,162,59,167,63,159,71,153,81,147,97,141,113,142,128,140,142,144,150,150,156,155,160,162,67,166,74,172,80,175,89,178,100,180,113,181,125,179,135,176,142,173,146,169,152,162,67,166,74,161,81,159,90,157,100,156,112,156,123,155,132,155,140,156,146,158,152,162,114,90,60,168,65,177,72,186,82,195,97,201,114,202,131,199,143,192,151,182,156,172,159,163,60,168,64,160,72,154,82,147,98,141,113,142,128,140,142,144,150,150,156,156,159,163,68,167,75,174,81,177,89,180,100,182,114,182,126,180,135,177,142,174,146,170,151,163,68,167,75,162,82,159,91,157,101,156,113,156,124,155,132,155,139,156,145,158,151,163,113,91,59,169,64,178,71,187,81,197,96,203,113,205,130,202,143,194,151,183,156,173,159,164,59,169,63,161,71,155,80,148,96,142,112,143,127,140,142,144,150,150,156,156,159,164,67,168,74,175,80,179,89,182,99,184,113,185,125,183,135,180,142,175,146,172,151,164,67,168,73,162,81,160,90,158,100,157,112,156,123,156,132,156,139,157,145,159,151,164,113,91,59,169,64,179,71,188,81,198,96,204,114,206,130,202,143,195,151,184,156,174,159,164,59,169,63,161,71,155,80,148,97,142,112,143,127,140,142,144,150,150,156,156,159,164,67,168,74,176,80,179,89,183,100,185,113,185,125,183,135,180,142,176,146,172,151,164,67,168,74,163,81,160,90,158,100,157,112,156,123,156,132,156,139,157,145,159,151,164,112,91,58,170,63,179,69,188,80,198,95,204,113,205,130,202,142,194,151,184,155,174,158,164,58,170,62,161,69,155,79,148,96,142,112,143,127,140,142,144,150,150,155,156,158,164,66,169,73,176,79,179,88,182,99,184,112,185,125,183,134,180,141,176,145,172,150,164,66,169,72,163,80,160,88,158,99,157,111,156,122,156,132,156,139,157,145,159,150,164,112,88,57,170,61,179,68,189,79,199,94,206,112,208,130,204,143,196,151,185,156,175,159,164,57,170,61,161,68,154,78,147,95,141,111,141,126,139,141,143,150,150,155,156,159,164,65,169,72,177,78,181,87,184,98,186,112,187,124,185,134,181,141,177,145,173,150,164,65,169,71,163,79,160,88,157,98,156,111,155,122,155,131,155,138,157,144,159,150,164,113,88,57,169,62,178,69,188,80,198,95,204,113,206,130,202,143,195,151,184,156,174,159,164,57,169,62,161,69,154,79,147,96,141,112,142,127,139,142,144,150,150,156,156,159,164,65,168,73,175,78,179,87,182,99,184,112,185,125,183,134,180,141,176,146,172,151,164,65,168,72,162,80,160,88,158,99,157,111,156,122,155,132,156,139,157,145,159,151,164,113,89,58,169,62,179,69,188,80,198,95,205,113,206,130,203,143,195,152,184,156,174,159,164,58,169,62,161,69,154,79,147,96,141,112,142,127,139,142,144,150,150,156,156,159,164,66,168,73,176,79,179,88,183,99,185,113,186,125,184,135,180,142,176,146,172,151,164,66,168,72,162,80,160,89,158,99,156,111,156,123,155,132,155,139,157,145,159,151,164,113,89,57,170,62,179,69,189,80,199,95,205,113,207,130,204,143,196,151,185,156,174,159,164,57,170,61,161,69,155,79,148,96,142,112,142,127,140,142,144,150,150,156,156,159,164,65,169,72,176,78,180,87,184,99,186,112,186,125,184,135,181,142,177,146,173,151,164,65,169,72,163,80,160,88,158,99,157,111,156,123,156,132,156,139,157,145,159,151,164,112,89,57,169,62,179,69,189,80,200,95,207,113,208,131,205,143,197,152,185,156,174,159,164,57,169,61,161,69,154,79,147,95,141,112,142,127,139,142,143,150,150,156,156,159,164,65,168,72,177,78,181,87,185,99,187,113,188,125,186,135,182,142,177,146,173,151,164,65,168,72,162,80,159,88,157,99,156,111,155,123,155,132,155,139,156,145,158,151,164,112,90,57,169,62,179,69,189,80,200,95,206,113,208,130,204,143,196,152,185,156,174,160,164,57,169,61,161,69,154,79,147,95,141,111,142,127,139,142,143,150,150,156,156,160,164,65,168,72,177,78,181,87,185,98,187,112,188,125,186,135,182,142,177,146,173,151,164,65,168,72,162,79,159,88,157,99,156,111,155,122,155,132,155,139,156,145,158,151,164,112,90,57,170,62,179,69,189,80,200,95,206,113,208,130,204,143,196,151,185,156,175,159,164,57,170,61,161,69,155,79,148,95,142,112,143,127,140,142,144,150,150,156,156,159,164,65,169,72,177,78,181,87,185,99,187,112,188,125,186,134,182,142,177,146,173,151,164,65,169,72,163,79,160,88,158,99,157,111,156,122,155,132,156,139,157,145,159,151,164,111,89,57,169,62,178,69,188,80,198,95,204,113,206,130,202,143,194,151,184,156,173,159,163,57,169,61,161,69,154,79,147,95,141,111,142,126,139,141,143,150,150,156,155,159,163,65,168,72,176,78,179,87,183,98,185,112,186,125,183,134,180,142,176,146,172,151,163,65,168,72,162,79,159,88,157,99,156,111,155,122,155,132,155,139,156,145,158,151,163,111,89,57,169,62,178,69,188,80,198,95,204,113,205,130,202,143,194,151,183,156,173,159,163,57,169,61,161,69,154,79,147,95,141,111,142,127,139,141,143,150,150,156,155,159,163,65,168,72,175,78,179,87,182,98,185,112,185,125,183,134,180,142,176,146,171,151,163,65,168,71,162,79,159,88,157,99,156,111,156,122,155,132,155,139,156,145,158,151,163,112,89,58,169,63,179,70,190,80,200,95,207,114,209,131,206,144,197,152,186,157,175,160,164,58,169,62,160,70,154,79,146,96,140,112,141,127,139,142,143,150,150,156,156,160,164,66,168,73,177,79,181,88,185,99,188,113,189,126,187,135,183,142,178,146,174,151,164,66,168,73,162,80,159,89,156,99,155,112,155,123,154,132,154,139,156,145,158,151,164,112,89,57,169,62,180,69,190,80,201,94,208,113,210,130,207,143,198,152,186,156,175,160,164,57,169,61,160,69,154,79,147,95,141,111,142,127,140,142,144,150,150,156,156,160,164,65,168,72,178,78,182,87,186,98,189,112,190,125,188,135,184,142,179,146,174,151,164,65,168,72,162,79,159,88,157,99,156,111,155,122,155,132,155,139,156,145,159,151,164,112,91,60,170,64,181,71,192,81,203,95,211,114,213,131,209,144,201,152,188,156,177,159,165,60,170,64,160,71,154,80,146,96,140,112,141,127,139,142,143,150,150,155,156,159,165,68,169,75,179,80,184,89,189,99,192,113,193,125,191,135,186,141,181,145,176,150,165,68,169,74,162,81,159,90,156,100,155,112,154,123,154,132,154,139,156,144,159,150,165,113,91,59,170,64,182,70,193,81,205,95,212,114,214,131,210,144,201,152,189,156,177,159,165,59,170,63,161,70,154,80,147,96,141,112,141,128,139,143,143,150,150,156,156,159,165,68,169,75,180,80,185,89,190,99,193,113,194,126,191,135,187,142,182,146,176,151,166,68,169,74,162,81,159,90,156,100,155,112,155,123,154,132,154,139,156,145,159,151,166,114,91,61,169,66,180,72,191,82,202,97,210,115,211,132,208,144,199,152,187,156,175,159,164,61,169,65,160,72,154,81,146,97,141,113,141,128,139,143,143,150,150,156,156,159,164,70,168,76,178,82,183,90,187,101,190,114,191,126,189,135,185,142,180,146,174,151,164,70,168,76,161,83,158,91,156,101,155,113,154,124,154,133,154,139,156,145,158,151,164,113,91,60,169,65,180,71,191,81,202,96,209,114,211,131,208,144,199,151,187,156,176,159,165,60,169,64,160,71,154,81,146,96,141,112,141,127,139,142,144,150,150,155,156,159,165,69,168,75,178,81,182,89,187,100,190,113,191,126,189,135,185,141,180,145,175,150,165,69,168,75,161,82,159,90,156,100,155,112,155,123,154,132,155,139,156,144,159,150,165,114,89,63,168,67,178,73,188,83,199,98,206,115,208,132,205,144,196,152,185,156,175,159,165,63,168,67,160,74,154,83,147,98,141,114,142,128,140,142,144,150,150,155,156,159,165,71,167,78,176,83,180,91,184,102,187,114,187,126,185,135,182,142,177,146,173,150,164,71,167,77,161,84,159,92,157,102,156,113,155,124,155,132,155,139,157,145,159,150,164,114,88,63,168,67,178,73,188,83,199,98,206,115,208,132,204,144,196,152,184,156,174,159,164,63,168,67,159,74,153,83,146,98,140,114,141,128,139,143,143,150,150,156,155,159,164,71,167,77,175,83,179,91,184,101,186,114,187,127,185,136,182,142,177,146,172,151,164,71,167,77,161,84,158,92,156,102,155,113,155,124,154,133,155,139,156,145,158,151,164,114,87,64,168,68,177,74,187,84,197,98,204,115,206,131,203,144,195,152,184,156,174,158,164,64,168,68,159,74,153,83,146,98,140,114,141,128,139,142,143,150,150,155,156,158,164,72,166,78,174,83,178,91,182,102,185,114,186,126,184,135,180,142,176,146,172,150,164,72,166,78,161,85,158,93,156,102,155,113,155,124,154,132,155,139,156,144,158,150,164,114,88,63,167,67,177,73,186,83,197,97,204,115,205,131,202,143,194,151,183,155,173,158,164,63,167,67,159,74,153,83,147,98,141,113,142,128,140,142,144,150,150,155,156,158,164,71,166,77,174,83,178,91,181,101,184,114,185,126,183,135,179,142,175,145,171,150,163,71,166,77,161,84,159,92,157,102,156,113,156,124,155,132,155,139,157,145,158,150,163,115,87,63,167,68,176,74,185,84,195,98,202,115,204,132,200,144,193,152,182,156,172,159,163,63,167,67,159,75,153,84,146,99,141,114,142,129,139,143,144,150,150,156,155,159,163,71,165,78,173,83,176,91,180,102,182,115,183,127,181,136,178,142,174,146,170,151,163,71,165,78,160,85,158,93,157,103,156,114,156,124,155,133,155,140,156,145,158,151,163,116,88,64,166,68,175,74,185,84,195,98,201,115,203,131,200,144,192,152,181,156,172,159,163,64,166,68,159,75,153,84,146,99,141,114,142,129,139,143,144,150,150,156,155,159,163,72,165,78,172,83,176,92,179,102,181,115,182,126,180,135,177,142,173,146,170,151,163,72,165,78,160,85,158,93,157,103,156,114,156,124,155,133,155,140,156,145,158,151,163,115,87,64,168,68,178,74,188,84,199,98,206,115,208,132,205,144,196,152,185,156,174,158,164,64,168,68,159,75,153,84,145,99,139,114,140,128,138,143,143,150,150,155,156,158,164,72,167,78,175,84,179,92,183,102,186,115,187,127,185,135,181,142,177,146,172,150,164,72,167,79,161,85,158,93,156,103,155,114,154,124,154,132,154,139,156,144,158,150,164,115,87,64,168,68,177,74,187,84,198,98,205,116,207,132,204,144,196,152,184,156,174,158,164,64,168,68,159,75,153,84,145,99,140,114,141,129,138,143,143,150,150,155,156,158,164,72,167,79,175,84,179,92,183,102,185,115,186,127,184,135,181,142,176,146,172,150,164,72,167,79,161,86,158,94,156,103,155,114,154,124,154,132,155,139,156,144,158,150,164,113,89,61,169,65,179,71,190,81,201,96,209,114,210,131,207,144,199,152,187,156,176,159,165,61,169,65,160,72,153,81,146,97,140,112,141,127,139,142,143,150,150,155,156,159,165,69,168,76,177,81,182,89,186,100,189,113,190,126,188,135,184,142,179,146,174,151,165,69,168,75,161,83,158,91,156,100,155,112,154,123,154,132,154,139,156,145,159,151,165,113,89,61,169,65,179,71,190,81,201,96,208,114,210,131,207,144,198,152,187,156,176,159,165,61,169,65,160,72,153,81,146,96,140,112,141,127,139,142,143,150,150,155,156,159,165,69,168,76,177,81,182,89,186,100,189,113,190,126,188,135,184,142,179,146,174,151,165,69,168,75,161,82,158,91,156,100,155,112,154,123,154,132,155,139,156,145,159,151,165,112,89,60,168,65,177,71,187,82,196,96,203,114,204,130,201,143,194,151,183,156,173,160,164,60,168,64,160,71,154,81,147,97,141,112,142,127,140,142,144,150,150,156,156,160,164,68,167,75,175,80,178,89,181,100,184,113,184,125,183,135,179,142,175,146,171,152,164,68,167,74,162,82,159,90,157,100,156,112,156,123,155,132,155,139,157,146,159,152,164,113,90,60,168,65,178,71,188,81,199,96,206,114,208,131,204,143,196,152,185,156,175,159,164,60,168,64,159,71,153,81,145,97,140,112,140,127,138,142,143,150,150,156,156,159,164,68,167,75,176,81,180,89,184,100,186,113,187,125,185,135,182,142,177,146,173,151,164,68,167,75,161,82,158,90,156,100,154,112,154,123,154,132,154,139,156,145,158,151,164,113,90,59,166,64,175,71,183,81,193,95,199,113,200,129,197,142,190,150,180,155,171,159,163,59,166,63,159,70,153,80,146,96,141,112,142,127,140,141,144,150,150,156,156,159,163,67,165,74,172,79,174,88,177,99,179,112,180,124,178,134,176,141,172,146,169,151,163,67,165,73,160,81,158,89,157,99,156,111,156,123,155,132,155,139,156,145,158,151,163,114,93,60,167,65,176,71,185,82,195,96,201,113,203,130,200,142,192,151,182,156,172,159,163,60,167,64,159,71,153,81,146,97,141,113,142,128,139,142,144,150,150,156,155,159,163,68,166,75,173,80,177,89,180,100,182,113,183,125,181,134,178,142,174,146,170,151,163,68,166,74,161,81,158,90,156,100,155,112,155,123,154,132,155,140,156,146,158,151,163,113,92,60,167,65,176,71,184,82,193,96,199,113,201,130,198,142,191,151,181,156,171,159,163,60,167,64,160,71,154,81,147,97,141,112,142,127,140,142,144,150,150,156,155,159,163,68,166,75,172,80,175,89,178,100,180,113,180,125,179,134,176,141,172,146,169,151,162,68,166,74,161,81,159,90,157,100,156,112,156,123,155,132,155,139,156,145,158,151,162,114,93,61,167,65,175,72,184,82,193,96,199,113,200,130,197,142,190,150,180,155,171,158,163,61,167,64,159,72,154,81,147,97,141,112,142,127,140,142,144,150,150,155,155,158,163,69,166,75,172,81,175,89,178,100,180,113,180,125,178,134,176,141,172,145,169,150,162,69,166,75,161,82,159,90,157,100,156,112,156,123,155,132,155,139,156,145,158,150,162,113,92,59,166,64,174,71,181,82,190,96,195,113,197,129,194,142,187,150,178,155,169,158,161,59,166,63,159,70,154,80,147,96,142,112,143,127,141,142,144,150,150,155,155,158,161,66,165,73,170,79,172,88,174,99,176,112,176,124,175,134,172,141,169,145,167,151,161,66,165,73,161,80,159,89,158,100,157,112,157,123,156,132,156,139,156,145,157,151,161,112,92,58,167,63,175,70,183,81,191,95,197,112,198,129,195,141,188,150,179,155,170,159,162,58,167,62,160,69,155,79,148,96,143,111,144,126,141,141,145,150,150,156,155,159,162,66,166,73,171,78,174,87,176,99,177,112,178,124,176,134,173,141,170,145,167,151,162,66,166,72,161,80,160,88,159,99,158,111,158,122,157,132,156,139,157,145,158,151,162,113,92,60,167,65,174,72,182,82,190,97,196,114,197,130,194,142,187,151,177,156,169,159,161,60,167,64,160,71,155,81,148,97,143,112,144,127,141,142,145,150,150,156,155,159,161,67,166,74,170,80,173,89,175,100,176,113,176,125,174,134,172,142,169,146,166,151,161,67,166,74,161,81,160,90,159,100,158,112,158,123,157,132,156,140,157,146,158,151,161,113,92,61,167,66,174,72,182,83,190,97,196,114,197,130,194,142,187,151,177,156,169,159,161,61,167,64,160,72,155,81,148,97,143,113,144,127,141,142,144,150,150,156,155,159,161,69,166,75,170,81,173,90,175,100,176,113,176,125,175,135,172,142,169,146,166,152,161,69,166,75,161,82,160,90,158,100,158,112,157,123,156,133,156,140,156,146,157,152,161,111,91,60,166,65,172,72,179,82,187,96,192,113,193,128,190,141,184,150,175,155,168,159,161,60,166,63,160,71,154,80,148,96,142,111,143,126,141,141,145,150,150,156,155,159,161,67,165,74,168,80,170,88,171,99,172,112,172,124,170,134,168,141,166,146,165,152,160,67,165,74,161,81,160,89,158,100,158,111,158,123,157,132,156,140,157,146,157,152,160
409,108,84,55,161,60,168,67,175,77,183,91,188,108,189,123,187,136,180,144,172,149,164,153,156,55,161,59,154,67,149,77,142,92,136,107,137,122,135,136,139,144,145,150,150,153,156,63,160,69,164,75,166,84,168,95,169,107,169,119,168,128,166,136,163,140,161,145,156,63,160,69,156,77,154,85,152,95,151,107,151,117,150,126,150,133,151,139,152,145,156,109,85,54,161,59,168,67,175,77,183,92,188,108,189,124,186,136,180,145,172,150,164,153,156,54,161,59,154,66,149,77,143,93,138,108,139,122,137,136,140,145,146,150,150,153,156,62,160,69,164,75,166,84,167,95,169,108,169,120,168,129,165,136,163,141,161,146,156,62,160,68,156,76,154,85,153,95,153,107,153,118,152,127,152,134,152,140,153,146,156,108,84,53,162,58,170,65,179,75,188,90,194,108,196,124,193,137,186,145,176,150,167,153,157,53,162,57,154,65,148,75,142,91,136,107,137,122,135,136,139,144,145,150,150,153,157,61,161,68,167,74,170,83,173,94,175,107,176,119,174,129,171,136,168,140,164,146,157,61,161,68,156,75,154,84,152,94,151,106,151,117,150,126,150,134,151,140,153,146,157,108,84,54,162,59,171,66,180,76,189,91,195,108,196,125,193,137,186,145,176,150,166,153,157,54,162,58,154,66,148,76,141,92,135,107,136,122,134,136,138,144,144,150,150,153,157,62,161,69,168,75,171,84,174,94,176,108,176,120,174,129,171,136,168,140,164,145,157,62,161,69,156,76,153,85,151,95,150,107,150,118,149,127,149,134,150,139,152,145,157,107,85,53,163,58,172,65,181,75,191,90,197,108,199,124,196,137,188,145,177,150,167,153,158,53,163,57,155,65,149,74,142,91,136,106,137,121,134,136,138,144,144,150,150,153,158,61,162,68,169,74,173,83,176,94,178,107,179,119,177,129,173,136,169,140,166,145,158,61,162,67,156,75,154,84,152,94,151,106,150,117,150,126,150,133,151,139,153,145,158,107,85,53,163,58,173,65,182,75,192,90,198,108,200,124,196,137,189,145,178,150,168,153,158,53,163,57,155,65,149,74,142,91,136,106,137,121,134,136,138,144,144,150,150,153,158,61,162,68,170,74,173,83,177,94,179,107,179,119,177,129,174,136,170,140,166,145,158,61,162,68,157,75,154,84,152,94,151,106,150,117,150,126,150,133,151,139,153,145,158,107,85,53,164,57,173,64,182,75,192,90,198,108,199,125,196,137,188,146,178,150,168,153,158,53,164,57,155,64,149,74,142,90,136,107,137,122,134,137,138,145,144,150,150,153,158,61,163,68,170,74,173,83,176,94,178,107,179,120,177,129,174,136,170,140,166,145,158,61,163,67,157,75,154,83,152,94,151,106,150,117,150,127,150,134,151,140,153,145,158,107,82,52,164,56,174,63,183,74,193,89,200,107,202,125,198,138,190,146,179,151,169,154,158,52,164,56,155,63,148,73,141,90,135,106,135,121,133,136,137,145,144,150,150,154,158,60,163,67,171,73,175,82,178,93,180,107,181,119,179,129,175,136,171,140,167,145,158,60,163,66,157,74,154,83,151,93,150,106,149,117,149,126,149,133,150,139,153,145,158,107,82,51,163,56,172,63,182,74,192,89,198,107,200,124,196,137,188,145,178,150,168,153,158,51,163,55,155,63,148,73,141,89,135,106,136,121,133,136,138,144,144,150,150,153,158,59,162,67,169,72,173,81,176,93,178,106,179,119,177,128,174,135,170,140,166,145,158,59,162,66,156,74,154,82,152,93,151,105,150,116,149,126,150,133,151,139,153,145,158,107,83,52,163,56,173,63,182,74,192,89,199,107,200,124,197,137,189,146,178,150,168,153,158,52,163,56,155,63,148,73,141,90,135,106,136,121,133,136,138,144,144,150,150,153,158,60,162,67,170,73,173,82,177,93,179,107,180,119,178,129,174,136,170,140,166,145,158,60,162,66,156,74,154,83,152,93,150,106,150,117,149,126,149,133,151,139,153,145,158,107,83,51,164,56,173,63,183,74,193,89,199,107,201,125,198,137,190,146,179,150,168,153,158,51,164,55,155,63,149,73,142,90,136,106,136,121,134,136,138,144,144,150,150,153,158,59,163,66,170,72,174,82,178,93,180,107,181,119,178,129,175,136,171,140,167,145,158,59,163,66,157,74,154,83,152,93,151,106,150,117,150,126,150,133,151,139,153,145,158,106,83,51,163,56,173,63,183,74,194,89,201,107,202,125,199,137,191,146,179,150,168,153,158,51,163,56,155,63,148,73,141,90,135,106,136,121,133,136,137,144,144,150,150,153,158,59,162,67,171,72,175,82,179,93,181,107,182,119,180,129,176,136,171,140,167,145,158,59,162,66,156,74,153,83,151,93,150,105,149,117,149,126,149,133,150,139,152,145,158,106,84,51,163,56,173,63,183,74,193,89,200,107,202,124,198,137,190,146,179,150,168,153,158,51,163,55,155,63,148,73,141,89,135,105,136,121,133,136,137,144,144,150,150,153,158,59,162,66,171,72,175,81,178,92,181,106,182,119,179,129,176,136,171,140,167,145,158,59,162,66,156,73,153,82,151,93,150,105,149,116,149,126,149,133,150,139,152,145,158,106,84,51,164,56,173,63,183,74,194,89,200,107,202,124,198,137,190,145,179,150,169,153,158,51,164,55,155,63,149,73,142,89,136,106,137,121,134,136,138,144,144,150,150,153,158,59,163,66,171,72,175,81,179,92,181,106,182,119,180,128,176,136,171,140,167,145,158,59,163,66,157,73,154,82,152,93,151,105,150,116,149,126,150,133,151,139,153,145,158,105,84,51,164,56,173,63,183,74,193,89,199,107,201,124,197,137,189,145,179,150,168,153,158,51,164,55,156,63,149,73,142,89,136,105,137,120,134,135,139,144,145,150,150,153,158,59,163,66,171,72,174,81,178,92,180,106,181,119,178,128,175,136,171,140,167,145,158,59,163,66,157,73,154,82,152,93,151,105,151,116,150,126,150,133,151,139,153,145,158,105,84,51,164,56,173,63,183,74,193,89,199,107,201,124,197,137,189,145,178,150,168,153,158,51,164,55,155,63,149,73,142,89,136,105,137,121,134,136,138,144,145,150,150,153,158,59,163,66,170,72,174,81,178,92,180,106,181,119,178,128,175,136,171,140,167,145,158,59,163,65,157,73,154,82,152,93,151,105,150,116,150,126,150,133,151,139,153,145,158,106,83,52,163,57,173,64,184,74,194,89,201,108,203,125,200,138,191,146,180,151,169,154,158,52,163,56,154,64,148,73,140,90,135,106,135,121,133,136,137,144,144,150,150,154,158,60,162,67,171,73,175,82,179,93,182,107,183,120,181,129,177,136,172,140,168,145,159,60,162,67,156,74,153,83,150,93,149,106,149,117,148,126,149,133,150,139,153,145,159,106,83,51,163,56,174,63,184,74,195,88,202,107,204,124,201,137,192,146,180,150,169,154,158,51,163,55,154,63,148,73,141,89,135,105,136,121,134,136,138,144,144,150,150,154,158,59,162,66,172,72,176,81,180,92,183,106,184,119,182,129,178,136,173,140,168,145,158,59,162,66,156,73,153,82,151,93,150,105,149,116,149,126,149,133,150,139,152,145,158,107,85,55,164,59,175,66,186,76,197,90,205,109,207,126,203,139,194,147,182,151,171,154,159,55,164,59,154,66,148,75,140,91,135,107,135,122,133,137,137,145,144,150,150,154,159,63,163,70,173,75,178,84,183,94,186,108,187,120,185,130,180,136,175,140,170,145,159,63,163,69,156,76,153,85,150,95,149,107,148,118,148,127,148,134,150,139,153,145,159,107,85,53,164,58,176,64,187,75,198,89,206,108,208,125,204,138,195,146,183,150,171,153,159,53,164,57,155,64,148,74,141,90,135,106,135,122,133,137,137,144,144,150,150,153,159,62,163,69,174,74,179,83,184,94,187,107,188,120,185,129,181,136,176,140,170,145,160,62,163,68,156,75,153,84,150,94,149,106,149,117,148,126,148,133,150,139,153,145,160,108,85,55,163,60,174,66,185,76,196,91,204,109,205,126,202,138,193,146,181,150,169,153,158,55,163,59,154,66,148,75,141,91,135,107,135,122,133,137,137,144,144,150,150,153,158,64,162,70,172,76,177,84,181,95,184,108,185,120,183,129,179,136,174,140,168,145,158,64,162,70,156,77,153,85,150,95,149,107,148,118,148,127,148,133,150,139,152,145,158,108,85,55,163,60,174,66,185,76,196,91,203,109,205,126,202,139,193,146,181,151,170,154,159,55,163,59,154,66,148,76,140,91,135,107,135,122,133,137,138,145,144,150,150,154,159,64,162,70,172,76,176,84,181,95,184,108,185,121,183,130,179,136,174,140,169,145,159,64,162,70,155,77,152,85,150,95,149,107,149,118,148,127,149,134,150,139,153,145,159,109,82,58,162,62,172,68,182,78,193,93,200,110,202,127,199,139,190,147,179,151,169,154,159,58,162,62,154,69,148,78,140,93,135,109,136,123,134,137,138,145,144,150,150,154,159,66,161,73,170,78,174,86,178,96,180,109,181,121,179,130,176,137,171,141,167,145,158,66,161,72,155,79,153,87,151,97,150,108,149,119,149,127,149,134,151,140,153,145,158,108,82,57,162,61,172,67,182,77,193,92,200,109,202,126,198,138,190,146,179,150,168,153,158,57,162,61,153,68,147,77,140,92,134,108,135,122,133,137,137,144,144,150,150,153,158,65,161,72,169,77,174,85,178,95,180,108,181,121,179,130,176,136,171,140,166,145,158,65,161,71,155,78,152,86,150,96,149,107,149,118,148,127,149,133,150,139,152,145,158,109,81,59,162,63,171,69,181,79,191,93,198,110,200,126,197,139,189,147,178,151,168,153,158,59,162,63,153,69,147,78,140,93,134,109,135,123,133,137,137,145,144,150,150,153,158,67,160,73,168,78,172,86,176,97,179,109,180,121,178,130,174,137,170,141,166,145,158,67,160,73,155,80,152,88,150,97,149,108,149,119,148,127,149,134,150,139,152,145,158,109,82,58,162,62,171,69,180,78,191,92,198,110,199,126,196,138,188,146,177,150,167,153,158,58,162,62,153,69,147,78,141,93,135,108,136,123,134,137,138,145,144,150,150,153,158,66,160,72,168,78,172,86,175,96,178,109,179,121,177,130,173,137,169,140,165,145,157,66,160,72,155,79,153,87,151,97,150,108,150,119,149,127,150,134,151,139,152,145,157,109,82,57,162,62,171,68,180,78,190,92,197,109,199,126,195,138,188,146,177,150,167,153,158,57,162,61,154,69,148,78,141,93,136,108,137,123,134,137,139,144,145,150,150,153,158,65,160,72,168,77,171,85,175,96,177,109,178,121,176,130,173,136,169,140,165,145,158,65,160,72,155,79,153,87,152,97,151,108,151,118,150,127,150,134,151,139,153,145,158,110,83,58,161,62,170,68,180,78,190,92,196,109,198,126,195,138,187,146,177,150,167,153,158,58,161,62,154,69,148,78,141,93,136,108,137,123,134,137,139,144,145,150,150,153,158,66,160,72,167,77,171,86,174,96,176,109,177,120,175,129,172,136,168,140,165,145,158,66,160,72,155,79,153,87,152,97,151,108,151,118,150,127,150,134,151,139,153,145,158,110,81,59,162,63,172,69,182,79,193,93,200,110,202,127,199,139,190,147,179,151,168,153,158,59,162,63,153,70,147,79,139,94,133,109,134,123,132,138,137,145,144,150,150,153,158,67,161,73,169,79,173,87,177,97,180,110,181,122,179,130,175,137,171,140,166,145,158,67,161,74,155,80,152,88,150,98,149,109,148,119,148,127,148,134,150,139,152,145,158,110,81,59,162,63,171,69,181,79,192,93,199,111,201,127,198,139,190,147,178,151,168,153,158,59,162,63,153,70,147,79,139,94,134,109,135,124,132,138,137,145,144,150,150,153,158,67,161,74,169,79,173,87,177,97,179,110,180,122,178,130,175,137,170,141,166,145,158,67,161,74,155,81,152,89,150,98,149,109,149,119,148,127,149,134,150,139,152,145,158,108,83,56,163,60,173,66,184,76,195,91,202,109,204,126,201,139,193,147,181,151,170,154,159,56,163,60,154,67,147,76,140,92,134,107,135,122,133,137,137,145,144,150,150,154,159,64,162,71,171,76,176,84,180,95,183,108,184,121,182,130,178,137,173,141,168,146,159,64,162,70,155,78,152,86,150,96,149,107,148,118,148,127,149,134,150,140,153,146,159,108,83,56,163,60,173,66,184,76,195,91,202,109,204,126,201,139,192,147,180,151,170,154,159,56,163,60,154,67,147,76,140,91,134,107,135,122,133,137,137,145,144,150,150,154,159,64,162,71,171,76,176,84,180,95,183,108,184,121,182,130,178,137,173,141,168,146,159,64,162,70,155,77,152,86,150,95,149,107,149,118,148,127,149,134,150,140,153,146,159,107,83,54,162,59,171,65,181,76,190,90,197,108,198,124,195,137,188,145,177,150,167,154,158,54,162,58,154,65,148,75,141,91,135,106,136,121,134,136,138,144,144,150,150,154,158,62,161,69,168,74,172,83,175,94,178,107,178,119,176,129,173,136,169,140,165,146,158,62,161,68,155,76,153,84,151,94,150,106,150,117,149,126,149,133,151,140,153,146,158,107,84,54,162,59,172,65,182,75,193,90,200,108,202,125,198,137,190,145,179,150,169,153,158,54,162,58,153,65,147,75,139,91,134,106,134,121,132,136,137,144,144,150,150,153,158,62,161,69,170,75,174,83,178,94,181,107,181,119,179,129,176,136,171,140,167,145,158,62,161,69,155,76,152,84,150,94,148,106,148,117,148,126,148,133,150,139,152,145,158,107,84,53,160,58,169,65,177,75,187,89,193,107,194,123,191,136,184,144,175,149,166,153,157,53,160,57,153,64,147,74,140,90,135,106,136,121,134,136,138,144,144,150,150,153,157,61,159,68,166,73,169,82,171,93,173,106,174,118,172,128,170,135,166,140,163,145,157,61,159,67,154,75,152,83,151,93,150,105,150,117,149,126,149,133,150,139,152,145,157,108,88,54,162,58,171,65,180,76,190,90,196,107,197,124,194,136,187,145,177,150,167,153,158,54,162,58,154,65,148,75,141,91,136,106,137,121,134,136,139,144,145,150,150,153,158,62,161,69,168,74,171,83,175,94,177,107,177,119,176,128,173,136,169,140,165,145,158,62,161,68,156,75,153,84,151,94,150,106,150,117,150,126,150,134,151,139,153,145,158,107,87,54,162,59,171,66,179,76,188,90,194,108,196,124,193,136,186,145,176,150,166,153,158,54,162,58,155,65,149,75,142,91,136,107,137,121,135,136,139,144,145,150,150,153,158,62,161,69,167,74,170,83,173,94,175,107,175,119,174,128,171,136,167,140,164,145,157,62,161,68,156,76,154,84,152,94,151,106,151,117,150,126,150,133,151,139,153,145,157,109,88,56,162,60,170,67,179,77,188,91,194,108,195,125,192,137,185,145,175,150,166,153,158,56,162,59,154,67,149,76,142,92,136,107,137,122,135,137,139,145,145,150,150,153,158,64,161,70,167,76,170,84,173,95,175,108,175,120,173,129,171,136,167,140,164,145,157,64,161,70,156,77,154,85,152,95,151,107,151,118,150,127,150,134,151,140,153,145,157,108,87,54,161,59,169,66,176,77,185,91,190,108,192,124,189,137,182,145,173,150,164,153,156,54,161,58,154,65,149,75,142,91,137,107,138,122,136,137,139,145,145,150,150,153,156,61,160,68,165,74,167,83,169,94,171,107,171,119,170,129,167,136,164,140,162,146,156,61,160,68,156,75,154,84,153,95,152,107,152,118,151,127,151,134,151,140,152,146,156,106,87,52,162,57,170,64,178,75,186,89,192,106,193,123,190,135,183,144,174,149,165,153,157,52,162,56,155,64,150,73,143,90,138,105,139,120,136,135,140,144,145,150,150,153,157,60,161,67,166,73,169,82,171,93,172,106,173,118,171,128,168,135,165,139,162,145,157,60,161,66,156,74,155,82,154,93,153,105,153,116,152,126,151,133,152,139,153,145,157,107,87,54,162,59,169,66,177,76,185,91,191,108,192,124,189,136,182,145,172,150,164,153,156,54,162,58,155,65,150,75,143,91,138,106,139,121,136,136,140,144,145,150,150,153,156,61,161,68,165,74,168,83,170,94,171,107,171,119,169,128,167,136,164,140,161,145,156,61,161,68,156,75,155,84,154,94,153,106,153,117,152,126,151,134,152,140,153,145,156,107,87,55,162,59,169,66,177,77,185,91,191,108,192,124,189,136,182,145,172,150,164,153,156,55,162,58,155,66,150,75,143,91,138,107,139,121,136,136,140,144,145,150,150,153,156,62,161,69,165,75,168,84,170,94,171,107,171,119,170,129,167,136,164,140,161,146,156,62,161,69,156,76,155,84,154,94,153,106,152,117,152,127,151,134,152,140,152,146,156,105,86,54,161,59,167,65,174,76,182,90,187,107,188,122,185,135,179,144,170,150,163,153,156,54,161,57,155,65,149,74,143,90,137,105,138,120,136,135,140,144,145,150,150,153,156,61,160,68,163,74,164,82,166,93,167,106,167,118,165,128,163,136,161,140,160,146,156,61,160,68,156,75,155,83,153,94,153,105,153,117,152,126,151,134,152,140,153,146,156
291,105,78,52,155,57,162,64,169,74,177,88,182,105,183,120,181,133,174,141,166,146,158,150,150,52,155,56,148,64,143,74,136,89,130,104,131,119,129,133,133,141,139,147,144,150,150,60,154,66,158,72,160,81,162,92,163,104,163,116,162,125,160,133,157,137,155,142,150,60,154,66,150,74,148,82,146,92,145,104,145,114,144,123,144,131,145,136,146,142,150,105,79,50,155,55,162,63,169,74,177,88,182,104,183,120,180,132,174,141,166,146,158,150,150,50,155,55,148,63,143,73,137,89,132,104,133,118,131,133,134,141,140,147,144,150,150,58,154,65,158,71,160,80,162,91,163,104,163,116,162,125,160,132,157,137,155,142,150,58,154,64,150,72,149,81,147,92,147,103,147,114,146,123,146,130,146,136,147,142,150,104,75,49,154,54,162,61,171,71,181,86,187,104,188,120,185,133,178,141,168,146,159,150,150,49,154,53,146,61,140,71,134,87,128,103,129,118,127,132,131,140,137,146,142,150,150,57,153,64,159,70,163,79,166,90,168,103,168,115,166,125,163,132,160,136,156,142,149,57,153,64,148,71,146,80,144,90,143,102,143,113,142,122,142,130,143,136,145,142,149,105,77,51,155,56,164,63,173,73,182,88,188,105,190,121,186,134,179,142,169,147,159,150,150,51,155,55,147,63,141,73,134,89,128,104,129,119,127,133,131,141,137,147,143,150,150,59,154,66,161,72,164,80,167,91,169,104,169,117,167,126,164,133,161,137,157,142,150,59,154,66,149,73,146,82,144,92,143,104,143,114,142,123,142,130,143,136,145,142,150,104,77,50,155,55,164,62,174,72,183,87,189,104,191,121,188,134,180,142,169,147,159,150,150,50,155,54,147,62,141,71,134,87,128,103,129,118,126,133,130,141,136,147,142,150,150,58,154,65,161,71,165,80,168,90,170,104,171,116,169,126,166,133,162,137,158,142,150,58,154,64,148,72,146,81,144,91,143,103,142,114,142,123,142,130,143,136,145,142,150,104,77,50,155,55,165,62,174,72,184,87,190,105,192,121,188,134,181,142,170,147,160,150,150,50,155,54,147,62,141,71,134,87,128,103,129,118,126,133,130,141,137,147,142,150,150,58,154,65,162,71,165,80,169,90,171,104,171,116,169,126,166,133,162,137,158,142,150,58,154,64,149,72,146,81,144,91,143,103,142,114,142,123,142,130,143,136,145,142,150,104,77,50,155,54,165,61,174,72,184,87,190,105,191,122,188,134,180,143,170,147,160,150,150,50,155,54,147,61,141,71,134,87,128,104,129,119,126,134,130,142,136,147,142,150,150,58,154,65,162,71,165,80,168,91,171,104,171,117,169,126,166,133,162,137,158,142,150,58,154,64,149,72,146,80,144,91,143,103,142,114,142,124,142,131,143,137,145,142,150,103,74,48,156,52,166,59,175,70,185,85,192,103,194,121,190,134,182,142,171,147,161,150,150,48,156,52,147,59,140,69,133,86,127,102,127,117,125,132,129,141,136,146,142,150,150,56,155,63,163,69,167,78,170,89,172,103,173,115,171,125,167,132,163,136,159,141,150,56,155,63,149,70,146,79,143,89,142,102,141,113,141,122,141,129,143,135,145,141,150,104,75,48,155,53,164,60,174,71,184,86,190,104,192,121,188,134,181,142,170,147,160,150,150,48,155,53,147,60,140,70,133,87,127,103,128,118,125,133,130,141,136,147,142,150,150,56,154,64,161,69,165,78,168,90,170,103,171,116,169,125,166,132,162,137,158,142,150,56,154,63,148,71,146,79,144,90,143,102,142,113,141,123,142,130,143,136,145,142,150,104,75,49,155,53,165,60,174,71,184,86,191,104,192,121,189,134,181,143,170,147,160,150,150,49,155,53,147,60,140,70,133,87,127,103,128,118,125,133,130,141,136,147,142,150,150,57,154,64,162,70,165,79,169,90,171,104,172,116,170,126,166,133,162,137,158,142,150,57,154,64,148,71,146,80,144,90,142,103,142,114,141,123,141,130,143,136,145,142,150,104,75,48,156,53,165,60,175,71,185,86,192,104,193,122,190,134,182,143,171,147,160,150,150,48,156,53,147,60,141,70,134,87,128,103,128,118,126,133,130,141,136,147,142,150,150,56,155,64,162,69,166,79,170,90,172,104,173,116,170,126,167,133,163,137,158,142,150,56,155,63,149,71,146,80,144,90,143,103,142,114,141,123,142,130,143,136,145,142,150,103,75,48,155,53,165,60,175,71,186,86,193,104,194,122,191,134,182,143,171,147,160,150,150,48,155,53,147,60,140,70,133,87,127,103,128,118,125,133,129,141,136,147,142,150,150,56,154,64,163,69,167,79,171,90,173,104,174,116,172,126,168,133,163,137,159,142,150,56,154,63,148,71,145,80,143,90,142,102,141,114,141,123,141,130,142,136,144,142,150,103,76,48,155,53,165,60,175,71,185,86,192,104,194,121,190,134,182,143,171,147,160,150,150,48,155,52,147,60,140,70,133,86,127,102,128,118,125,133,129,141,136,147,142,150,150,56,154,63,163,69,167,78,170,89,173,103,174,116,171,126,168,133,163,137,159,142,150,56,154,62,148,70,145,79,143,90,142,102,141,113,141,123,141,130,142,136,144,142,150,103,76,48,156,53,165,60,175,71,186,86,192,104,194,121,190,134,182,142,171,147,161,150,150,48,156,52,147,60,141,70,134,86,128,103,129,118,126,133,130,141,136,147,142,150,150,56,155,63,163,69,167,78,171,89,173,103,174,116,172,125,168,133,163,137,159,142,150,56,155,63,149,70,146,79,144,90,143,102,142,113,141,123,141,130,143,136,145,142,150,102,76,48,156,53,165,60,175,71,185,86,191,104,193,121,189,134,181,142,171,147,160,150,150,48,156,52,148,60,141,70,134,86,128,102,129,117,126,132,131,141,137,147,143,150,150,56,155,63,163,69,166,78,170,89,172,103,172,116,170,125,167,132,163,137,159,142,151,56,155,62,149,70,146,79,144,90,143,102,143,113,142,123,142,130,143,136,145,142,151,102,76,48,156,53,165,60,175,71,185,86,191,104,193,121,189,134,181,142,170,147,160,150,150,48,156,52,147,60,141,70,134,86,128,102,129,118,126,133,130,141,137,147,142,150,150,56,155,63,162,69,166,78,170,89,172,103,172,116,170,125,167,133,163,137,159,142,150,56,155,62,149,70,146,79,144,90,143,102,142,113,142,123,142,130,143,136,145,142,150,102,75,48,155,53,165,60,176,70,186,85,193,104,195,121,192,134,183,142,172,147,161,150,150,48,155,52,146,60,140,69,132,86,127,102,127,117,125,132,129,140,136,146,142,150,150,56,154,63,163,69,167,78,172,89,174,103,175,116,173,125,169,132,164,136,160,141,151,56,154,63,148,70,145,79,142,89,141,102,141,113,140,122,141,129,142,135,145,141,151,102,75,47,155,52,166,59,176,70,187,85,194,103,196,120,192,133,184,142,172,146,161,150,150,47,155,51,146,59,140,69,133,85,127,101,128,117,126,132,130,140,136,146,142,150,150,55,154,62,163,68,168,77,172,88,175,102,176,115,174,125,170,132,165,136,160,141,150,55,154,62,148,69,145,78,143,89,142,101,141,112,141,122,141,129,142,135,145,141,150,103,76,51,155,55,166,61,177,72,189,86,196,104,198,122,194,135,186,143,173,147,162,150,150,51,155,55,145,62,139,71,131,87,126,103,126,118,124,133,128,141,135,146,141,150,150,59,154,66,164,71,169,80,174,90,177,104,178,116,176,126,172,132,166,136,161,141,150,59,154,65,147,72,144,81,141,91,140,103,139,114,139,123,139,130,141,135,144,141,150,104,76,50,155,55,167,61,178,72,190,86,197,105,199,122,195,135,186,143,174,147,162,150,150,50,155,54,146,61,139,71,132,87,126,103,126,119,124,134,128,141,135,147,141,150,150,59,155,66,165,71,170,80,175,90,178,104,179,117,176,126,172,133,167,137,161,142,151,59,155,65,147,72,144,81,141,91,140,103,140,114,139,123,139,130,141,136,144,142,151,105,77,52,155,57,166,63,177,73,188,88,196,106,197,123,194,135,185,143,173,147,161,150,150,52,155,56,146,63,140,72,133,88,127,104,127,119,125,134,129,141,136,147,142,150,150,61,154,67,164,73,169,81,173,92,176,105,177,117,175,126,171,133,166,137,160,142,150,61,154,67,147,74,144,82,142,92,141,104,140,115,140,124,140,130,142,136,144,142,150,104,76,51,154,56,165,62,176,72,187,87,194,105,196,122,193,135,184,142,172,147,161,150,150,51,154,55,145,62,139,72,131,87,126,103,126,118,124,133,129,141,135,146,141,150,150,60,153,66,163,72,167,80,172,91,175,104,176,117,174,126,170,132,165,136,160,141,150,60,153,66,146,73,143,81,141,91,140,103,140,114,139,123,140,130,141,135,144,141,150,105,73,54,153,58,163,65,173,74,184,89,191,106,193,123,190,135,181,143,170,147,160,150,150,54,153,58,145,65,139,74,132,89,126,105,127,119,125,133,129,141,135,146,141,150,150,62,152,69,161,74,165,82,169,93,171,105,172,117,170,126,167,133,162,137,158,141,149,62,152,68,146,75,144,83,142,93,141,104,140,115,140,123,140,130,142,136,144,141,149,105,74,54,154,58,164,64,174,74,185,89,192,106,194,123,190,135,182,143,170,147,160,150,150,54,154,58,145,65,139,74,132,89,126,105,127,119,125,134,129,141,136,147,142,150,150,62,153,69,161,74,166,82,170,92,172,105,173,118,171,127,168,133,163,137,158,142,150,62,153,68,147,75,144,83,142,93,141,105,141,115,140,124,141,130,142,136,144,142,150,106,73,56,154,60,163,66,173,76,183,90,190,107,192,124,189,136,181,144,170,148,160,150,150,56,154,60,145,66,139,75,132,90,126,106,127,120,125,134,129,142,136,147,142,150,150,64,152,70,160,75,164,83,168,94,171,106,171,118,170,127,166,134,162,138,158,142,150,64,152,70,147,77,144,85,142,94,141,105,141,116,140,124,141,131,142,136,144,142,150,106,74,55,153,59,163,65,172,75,183,89,189,107,191,123,188,135,180,143,169,147,159,150,150,55,153,59,145,66,139,75,132,90,127,105,128,120,126,134,130,142,136,147,142,150,150,63,152,69,160,75,164,83,167,93,170,106,171,118,169,127,165,134,161,137,157,142,149,63,152,69,147,76,145,84,143,94,142,105,142,116,141,124,141,131,143,136,144,142,149,106,74,54,154,59,163,65,172,75,182,89,189,106,190,123,187,135,180,143,169,147,159,150,150,54,154,58,146,66,140,75,133,90,128,105,129,120,126,134,131,141,137,147,142,150,150,62,152,69,160,74,163,82,167,93,169,106,170,118,168,127,165,133,161,137,157,142,150,62,152,69,147,76,145,84,144,94,143,105,142,115,142,124,142,131,143,136,145,142,150,107,75,55,153,59,162,65,172,75,182,89,188,106,190,122,187,135,179,143,168,147,159,150,150,55,153,59,146,66,140,75,133,90,128,105,129,120,127,134,131,141,137,147,142,150,150,63,152,69,159,74,163,83,166,93,168,106,169,117,167,126,164,133,160,137,157,142,150,63,152,69,147,76,145,84,144,94,143,105,143,115,142,124,142,131,143,136,145,142,150,107,73,56,154,60,164,66,174,76,185,90,192,107,194,124,191,136,182,144,171,148,160,150,150,56,154,60,145,67,139,76,131,91,125,106,126,120,124,134,129,142,136,147,142,150,150,64,153,70,161,76,165,84,169,94,172,107,173,119,171,127,167,134,163,137,158,142,150,64,153,70,147,77,144,85,142,95,141,106,140,116,140,124,140,131,142,136,144,142,150,107,73,56,154,60,163,66,173,76,184,90,191,108,193,124,190,136,182,144,170,148,160,150,150,56,154,60,145,67,139,76,131,91,126,106,127,121,124,135,129,142,136,147,142,150,150,64,153,71,161,76,165,84,169,94,171,107,172,119,170,127,167,134,162,138,158,142,150,64,153,71,147,78,144,86,142,95,141,106,140,116,140,124,141,131,142,136,144,142,150,104,74,52,154,56,164,62,175,72,186,87,194,105,196,122,192,135,184,143,172,147,161,150,150,52,154,56,145,63,138,72,131,88,125,103,126,119,124,133,128,141,135,146,141,150,150,60,153,67,162,72,167,80,171,91,174,104,175,117,173,126,169,133,164,137,159,142,150,60,153,66,146,74,143,82,141,92,140,103,139,114,139,123,139,130,141,136,144,142,150,104,74,52,154,56,164,62,175,72,186,87,193,105,195,122,192,135,183,143,172,147,161,150,150,52,154,56,145,63,138,72,131,87,125,103,126,118,124,133,128,141,135,146,141,150,150,60,153,67,162,72,167,80,171,91,174,104,175,116,173,126,169,133,164,137,159,142,150,60,153,66,146,73,143,82,141,91,140,103,140,114,139,123,140,130,141,136,144,142,150,103,75,50,154,55,163,61,173,72,182,86,189,104,191,120,187,133,180,142,169,146,159,150,150,50,154,54,146,61,140,71,133,87,127,102,128,117,126,132,130,140,136,146,142,150,150,58,153,65,161,70,164,79,167,90,170,103,170,115,169,125,165,132,161,136,158,142,150,58,153,64,148,72,145,80,143,90,142,102,142,113,141,122,141,130,143,136,145,142,150,104,76,51,154,56,164,62,174,72,185,87,192,105,194,122,190,134,182,142,171,147,161,150,150,51,154,55,145,62,139,72,131,87,126,103,126,118,124,133,129,141,136,147,142,150,150,59,153,66,162,72,166,80,170,91,172,104,173,116,171,126,168,133,163,137,159,142,150,59,153,66,147,73,144,81,142,91,140,103,140,114,140,123,140,130,142,136,144,142,150,104,77,50,153,55,162,62,170,72,180,86,186,104,187,120,184,133,177,141,167,146,158,150,150,50,153,54,146,61,140,71,133,87,128,103,129,118,127,132,131,141,137,147,142,150,150,58,152,65,158,70,161,79,164,90,166,103,167,115,165,125,163,132,159,137,156,142,150,58,152,64,147,72,145,80,144,90,143,102,143,114,142,123,142,130,143,136,145,142,150,105,80,51,154,56,163,62,172,73,182,87,188,104,189,121,187,133,179,142,169,147,159,150,150,51,154,55,146,62,140,72,133,88,128,104,129,119,126,133,131,141,137,147,142,150,150,59,153,66,160,71,164,80,167,91,169,104,170,116,168,126,165,133,161,137,157,142,150,59,153,65,148,72,145,81,143,91,142,103,142,114,142,123,142,131,143,137,145,142,150,104,79,51,154,56,163,62,171,73,180,87,186,105,188,121,185,133,178,142,168,147,158,150,150,51,154,55,147,62,141,72,134,88,128,104,129,118,127,133,131,141,137,147,142,150,150,59,153,66,159,71,162,80,165,91,167,104,167,116,166,125,163,133,159,137,156,142,149,59,153,65,148,72,146,81,144,91,143,103,143,114,142,123,142,131,143,136,145,142,149,106,80,53,154,57,162,64,171,74,180,88,186,105,187,122,184,134,177,142,167,147,158,150,150,53,154,56,146,64,140,73,134,89,128,104,129,119,127,134,131,142,137,147,142,150,150,61,153,67,159,73,162,81,165,92,167,105,167,117,166,126,163,133,159,137,156,142,149,61,153,67,148,74,146,82,144,92,143,104,142,115,142,124,142,131,143,137,145,142,149,105,81,51,155,56,163,63,170,74,179,88,184,105,186,121,183,134,176,142,167,147,158,150,150,51,155,55,148,62,143,72,136,88,131,104,132,119,130,133,133,142,139,147,144,150,150,59,154,66,159,71,161,80,163,91,165,104,165,116,164,126,161,133,158,137,156,143,150,59,154,65,150,72,148,81,147,92,146,104,146,115,145,124,145,131,145,137,146,143,150,103,80,49,155,54,163,61,171,72,179,86,185,103,186,120,183,132,176,141,167,146,158,150,150,49,155,53,148,60,143,70,136,87,131,102,132,117,129,132,133,141,138,147,143,150,150,57,154,64,159,70,162,79,164,90,165,103,166,115,164,125,161,132,158,136,155,142,150,57,154,63,149,71,148,79,147,90,146,102,146,113,145,123,144,130,145,136,146,142,150,104,81,51,156,56,163,63,171,74,179,88,185,105,186,121,183,133,176,142,166,147,158,150,150,51,156,55,149,62,144,72,137,88,132,103,133,118,130,133,134,141,139,147,144,150,150,59,155,65,159,71,162,80,163,91,165,104,165,116,163,125,161,133,158,137,155,142,150,59,155,65,151,72,149,81,148,91,147,103,147,114,146,123,145,131,146,137,147,142,150,104,81,52,156,57,163,63,171,74,179,88,185,105,186,121,183,133,176,142,166,147,158,150,150,52,156,56,149,63,144,72,137,88,132,104,133,118,130,133,133,141,139,147,144,150,150,60,155,66,159,72,162,81,164,91,165,104,165,116,164,126,161,133,158,137,155,143,150,60,155,66,150,73,149,81,148,92,147,103,146,114,146,124,145,131,145,137,146,143,150,102,80,51,155,56,161,63,168,73,176,87,181,104,182,119,179,132,173,141,164,146,157,150,150,51,155,54,149,62,143,71,137,87,131,102,132,117,130,132,134,141,139,147,144,150,150,58,154,65,157,71,158,79,160,90,161,103,161,115,159,125,157,132,155,137,154,143,149,58,154,65,150,72,149,80,147,91,147,102,147,114,146,123,145,131,146,137,146,143,149
78,195,74,142,151,147,158,154,165,164,173,178,178,195,179,210,177,223,170,231,162,236,154,240,146,142,151,146,144,154,139,164,132,179,126,194,127,209,125,223,129,231,135,237,140,240,146,150,150,156,154,162,156,171,158,182,159,194,159,206,158,215,156,223,153,227,151,232,146,150,150,156,146,164,144,172,142,182,141,194,141,204,140,213,140,220,141,226,142,232,146,197,75,142,151,147,158,155,165,166,173,180,178,196,179,212,176,224,170,233,162,238,154,242,146,142,151,147,144,154,139,165,133,181,128,196,129,210,127,224,130,233,136,239,140,242,146,150,150,157,154,163,156,172,157,183,159,196,159,208,158,217,155,224,153,229,151,234,146,150,150,156,146,164,144,173,143,183,143,195,143,206,142,215,142,222,142,228,143,234,146,197,72,142,151,147,159,154,168,164,177,179,183,197,185,213,182,226,175,234,165,239,156,242,146,142,151,146,143,154,137,164,131,180,125,196,126,211,124,225,128,233,134,239,139,242,146,150,150,157,156,163,159,172,162,183,164,196,165,208,163,218,160,225,157,229,153,235,146,150,150,157,145,164,143,173,141,183,140,195,140,206,139,215,139,223,140,229,142,235,146,196,73,142,151,147,160,154,169,164,178,179,184,196,185,213,182,225,175,233,165,238,155,241,146,142,151,146,143,154,137,164,130,180,124,195,125,210,123,224,127,232,133,238,138,241,146,150,150,157,157,163,160,172,163,182,165,196,165,208,163,217,160,224,157,228,153,233,146,150,150,157,145,164,142,173,140,183,139,195,139,206,138,215,138,222,139,227,141,233,146,196,73,142,151,147,160,154,169,164,179,179,185,197,187,213,183,226,176,234,165,239,155,242,146,142,151,146,143,154,137,163,130,180,124,195,125,210,122,225,126,233,132,239,138,242,146,150,150,157,157,163,161,172,164,183,166,196,167,208,165,218,161,225,157,229,153,234,146,150,150,156,144,164,142,173,140,183,139,195,138,206,138,215,138,222,139,228,141,234,146,196,73,142,151,147,161,154,170,164,180,179,186,197,187,213,184,226,177,234,166,239,156,242,146,142,151,146,143,154,137,163,130,180,124,195,125,211,122,225,126,233,132,239,138,242,146,150,150,157,158,163,161,172,165,183,167,196,167,208,165,218,162,225,158,229,154,234,146,150,150,156,145,164,142,173,140,183,139,195,138,206,137,215,138,222,139,228,141,234,146,196,73,142,152,146,161,153,170,164,180,179,186,197,187,214,184,226,176,235,166,239,156,242,146,142,152,146,143,153,137,163,130,179,124,196,124,211,122,226,126,234,132,239,138,242,146,150,150,157,158,163,161,172,164,183,166,196,167,209,165,218,162,225,158,229,154,234,146,150,150,156,145,164,142,172,140,183,139,195,138,206,138,216,138,223,139,228,141,234,146,197,69,141,151,146,161,153,170,164,181,179,187,197,189,215,185,228,177,236,166,241,156,244,145,141,151,146,142,153,135,163,128,180,121,196,122,211,120,226,124,235,131,240,137,244,145,150,150,157,158,163,162,172,165,183,167,197,168,209,166,219,162,226,158,230,154,235,145,150,150,156,144,164,141,173,138,183,137,196,136,207,136,216,136,223,137,229,140,235,145,198,70,142,151,147,160,154,170,165,180,180,186,198,188,215,184,228,177,236,166,241,156,244,146,142,151,147,143,154,136,164,129,181,123,197,124,212,121,227,126,235,132,241,138,244,146,150,150,158,157,163,161,172,164,184,166,197,167,210,165,219,162,226,158,231,154,236,146,150,150,157,144,165,142,173,140,184,139,196,138,207,137,217,138,224,139,230,141,236,146,197,71,142,151,146,161,153,170,164,180,179,187,197,188,214,185,227,177,236,166,240,156,243,146,142,151,146,143,153,136,163,129,180,123,196,124,211,121,226,126,234,132,240,138,243,146,150,150,157,158,163,161,172,165,183,167,197,168,209,166,219,162,226,158,230,154,235,146,150,150,156,144,164,142,173,140,183,138,196,138,207,137,216,137,223,139,229,141,235,146,198,70,142,151,147,160,154,170,165,180,180,186,198,188,216,185,228,177,237,166,241,155,244,145,142,151,146,142,154,136,164,129,181,123,197,123,212,121,227,125,235,131,241,137,244,145,150,150,157,157,163,161,173,165,184,167,198,168,210,165,220,162,227,158,231,154,236,145,150,150,157,144,165,141,174,139,184,138,197,137,208,137,217,137,224,138,230,140,236,145,197,71,142,151,147,161,154,171,165,182,180,189,198,190,216,187,228,179,237,167,241,156,244,146,142,151,147,143,154,136,164,129,181,123,197,124,212,121,227,125,235,132,241,138,244,146,150,150,158,159,163,163,173,167,184,169,198,170,210,168,220,164,227,159,231,155,236,146,150,150,157,144,165,141,174,139,184,138,196,137,208,137,217,137,224,138,230,140,236,146,197,72,142,151,147,161,154,171,165,181,180,188,198,190,215,186,228,178,237,167,241,156,244,146,142,151,146,143,154,136,164,129,180,123,196,124,212,121,227,126,235,132,241,138,244,146,150,150,157,159,163,163,172,166,183,169,197,169,210,167,220,164,227,159,231,155,236,146,150,150,156,144,164,141,173,139,184,138,196,137,207,137,217,137,224,138,230,140,236,146,197,71,142,151,147,160,154,170,165,181,180,187,198,189,215,185,228,177,236,166,241,156,244,145,142,151,146,142,154,136,164,129,180,123,197,124,212,121,227,125,235,131,241,137,244,145,150,150,157,158,163,162,172,166,183,168,197,169,210,167,219,163,227,158,231,154,236,145,150,150,157,144,164,141,173,139,184,138,196,137,207,136,217,137,224,138,230,140,236,145,196,71,142,151,147,160,154,170,165,180,180,186,198,188,215,184,228,176,236,166,241,155,244,145,142,151,146,143,154,136,164,129,180,123,196,124,211,121,226,126,235,132,241,137,244,145,150,150,157,158,163,161,172,165,183,167,197,168,210,166,219,162,227,158,231,154,236,145,150,150,156,144,164,141,173,139,184,138,196,138,207,137,217,137,224,138,230,140,236,145,196,71,142,151,147,160,154,170,165,180,180,186,198,188,215,184,228,176,236,165,241,155,244,145,142,151,146,143,154,136,164,129,180,123,196,124,212,121,226,125,235,132,241,137,244,145,150,150,157,157,163,161,172,165,183,167,197,167,210,165,219,162,227,158,231,154,236,145,150,150,156,144,164,141,173,139,184,138,196,138,207,137,217,137,224,138,230,140,236,145,196,71,142,151,147,161,154,172,164,182,179,189,198,191,215,188,228,179,236,168,241,157,244,146,142,151,146,142,154,136,163,128,180,122,196,123,211,121,226,125,234,132,240,138,244,146,150,150,157,159,163,163,172,167,183,170,197,171,210,169,219,165,226,160,230,156,235,147,150,150,157,144,164,141,173,138,183,137,196,137,207,136,216,137,223,138,229,141,235,147,197,71,142,151,147,162,154,172,165,183,179,190,198,192,215,189,228,180,237,168,241,157,245,146,142,151,146,142,154,136,164,129,180,123,196,124,212,122,227,126,235,132,241,138,245,146,150,150,157,160,163,164,172,169,183,171,197,172,210,170,220,166,227,161,231,156,236,146,150,150,157,144,164,141,173,139,184,138,196,137,207,137,217,137,224,138,230,140,236,146,194,72,142,151,146,162,152,173,163,185,177,192,195,194,213,190,226,182,233,169,238,158,241,146,142,151,146,141,153,135,162,127,178,121,194,122,209,120,224,124,232,131,237,137,241,146,150,150,157,160,162,165,171,170,181,173,195,174,207,172,217,167,223,162,227,157,232,146,150,150,156,143,163,140,172,137,182,136,193,135,205,135,214,135,220,137,226,140,232,146,195,72,141,151,146,163,152,174,163,186,177,193,196,195,213,191,226,182,234,170,238,158,241,146,141,151,145,142,152,135,162,128,178,122,194,122,210,120,225,124,232,131,238,137,241,146,150,150,157,161,162,166,171,171,182,174,195,175,208,172,217,168,224,163,228,157,233,147,150,150,156,143,163,140,172,137,182,136,194,136,205,135,214,135,221,137,227,140,233,147,194,73,141,151,146,162,152,173,162,184,177,192,195,193,212,190,224,181,232,169,236,157,239,146,141,151,145,142,152,136,161,128,177,123,193,123,208,121,223,125,230,132,236,138,239,146,150,150,156,160,162,165,170,169,181,172,194,173,206,171,215,167,222,162,226,156,231,146,150,150,156,143,163,140,171,138,181,137,193,136,204,136,213,136,219,138,225,140,231,146,194,73,141,151,146,162,152,173,162,184,177,191,195,193,212,190,225,181,232,169,237,158,240,147,141,151,145,142,152,136,162,128,177,123,193,123,208,121,223,126,231,132,236,138,240,147,150,150,156,160,162,164,170,169,181,172,194,173,207,171,216,167,222,162,226,157,231,147,150,150,156,143,163,140,171,138,181,137,193,137,204,136,213,137,220,138,225,141,231,147,193,72,142,151,146,161,152,171,162,182,177,189,194,191,211,188,223,179,231,168,235,158,238,148,142,151,146,143,153,137,162,130,177,124,193,125,207,123,221,127,229,133,234,139,238,148,150,150,157,159,162,163,170,167,180,169,193,170,205,168,214,165,221,160,225,156,229,147,150,150,156,144,163,142,171,140,181,139,192,138,203,138,211,138,218,140,224,142,229,147,193,71,142,151,146,161,152,171,162,182,177,189,194,191,211,187,223,179,231,167,235,157,238,147,142,151,146,142,153,136,162,129,177,123,193,124,207,122,222,126,229,133,235,138,238,147,150,150,157,158,162,162,170,166,180,169,193,170,206,168,215,164,221,160,225,155,230,146,150,150,156,144,163,141,171,139,181,138,193,138,203,137,212,138,218,139,224,141,230,146,192,71,142,152,146,161,152,171,162,181,176,188,193,190,209,187,222,179,230,168,234,158,236,148,142,152,146,143,152,137,161,130,176,124,192,125,206,123,220,127,228,134,233,140,236,148,150,150,156,158,161,162,169,166,180,169,192,170,204,168,213,164,220,160,224,156,228,148,150,150,156,145,163,142,171,140,180,139,191,139,202,138,210,139,217,140,223,142,228,148,193,72,142,152,146,161,153,170,162,181,176,188,194,189,210,186,222,178,230,167,235,157,237,148,142,152,146,143,153,137,162,131,177,125,193,126,207,124,221,128,229,134,234,140,237,148,150,150,156,158,162,162,170,165,180,168,193,169,205,167,214,163,221,159,225,155,229,147,150,150,156,145,163,143,171,141,181,140,192,140,203,139,211,140,218,141,224,142,229,147,194,71,142,151,147,160,153,169,163,179,177,186,194,188,211,184,223,177,231,166,235,156,238,147,142,151,147,143,154,137,163,130,178,125,193,126,208,123,222,128,229,134,235,139,238,147,150,150,157,157,162,160,170,164,181,166,194,167,206,165,215,162,221,158,225,154,230,147,150,150,157,144,164,142,172,141,182,140,193,140,203,139,212,139,219,140,224,142,230,147,194,73,142,151,146,160,152,170,162,180,176,186,193,188,210,185,222,177,230,166,234,157,237,148,142,151,146,144,153,138,162,131,177,126,192,127,207,124,221,129,228,135,234,140,237,148,150,150,156,157,161,161,170,164,180,166,193,167,204,165,213,162,220,158,224,155,229,148,150,150,156,145,163,143,171,142,181,141,192,141,202,140,211,140,218,141,223,143,229,148,193,70,142,151,146,161,152,171,162,182,176,189,193,191,210,188,222,179,230,168,234,157,236,147,142,151,146,142,153,136,162,128,177,122,192,123,206,121,220,126,228,133,233,139,236,147,150,150,156,158,162,162,170,166,180,169,193,170,205,168,213,164,220,160,223,155,228,147,150,150,156,144,163,141,171,139,181,138,192,137,202,137,210,137,217,139,222,141,228,147,193,70,142,151,146,160,152,170,162,181,176,188,194,190,210,187,222,179,230,167,234,157,236,147,142,151,146,142,153,136,162,129,177,123,192,124,207,121,221,126,228,133,233,139,236,147,150,150,157,158,162,162,170,166,180,168,193,169,205,167,213,164,220,159,224,155,228,147,150,150,157,144,164,141,172,139,181,138,192,138,202,137,210,138,217,139,222,141,228,147,194,71,142,151,146,161,152,172,162,183,177,191,195,193,212,189,225,181,233,169,237,158,240,147,142,151,146,142,153,135,162,128,178,122,193,123,209,121,223,125,231,132,236,138,240,147,150,150,157,159,162,164,170,168,181,171,194,172,207,170,216,166,223,161,227,156,232,147,150,150,156,143,164,140,172,138,182,137,193,136,204,136,213,136,220,138,226,141,232,147,194,71,142,151,146,161,152,172,162,183,177,190,195,192,212,189,225,180,233,168,237,158,240,147,142,151,146,142,153,135,162,128,178,122,193,123,208,121,223,125,231,132,236,138,240,147,150,150,157,159,162,164,170,168,181,171,194,172,207,170,216,166,223,161,227,156,232,147,150,150,156,143,164,140,172,138,181,137,193,136,204,136,213,137,220,138,226,141,232,147,195,72,142,151,147,160,153,170,164,179,178,186,196,187,212,184,225,177,234,166,238,156,242,147,142,151,146,143,153,137,163,130,179,124,194,125,209,123,224,127,232,133,238,139,242,147,150,150,157,158,162,161,171,164,182,167,195,167,207,165,217,162,224,158,228,154,234,147,150,150,156,145,164,142,172,140,182,139,194,139,205,138,214,139,222,140,228,142,234,147,195,73,142,151,147,161,153,171,163,182,178,189,195,191,213,187,225,179,233,168,238,158,241,147,142,151,146,142,153,136,163,128,178,123,194,123,209,121,224,126,232,133,238,139,241,147,150,150,157,159,163,163,171,167,182,170,195,170,207,169,217,165,224,160,228,156,233,147,150,150,157,144,164,141,172,139,182,137,194,137,205,137,214,137,221,139,227,141,233,147,196,75,142,151,147,160,154,168,164,178,178,184,196,185,212,183,225,175,233,166,238,157,242,148,142,151,146,144,153,138,163,131,179,126,195,127,210,125,224,129,233,135,239,141,242,148,150,150,157,157,162,160,171,162,182,164,195,165,207,163,217,161,224,157,229,154,234,148,150,150,156,145,164,143,172,142,182,141,194,141,206,140,215,140,222,141,228,143,234,148,196,77,142,151,146,160,153,169,164,179,178,185,195,186,212,184,224,176,233,166,238,156,241,147,142,151,146,143,153,137,163,130,179,125,194,126,210,124,224,128,232,134,238,139,241,147,150,150,157,157,162,160,171,164,182,166,195,166,207,165,216,162,224,158,228,154,233,147,150,150,156,145,163,142,172,140,182,139,194,139,205,139,214,139,222,140,228,142,233,147,195,76,142,151,147,160,154,168,164,177,178,183,196,185,212,182,224,175,233,165,238,155,241,147,142,151,146,144,153,138,163,131,179,125,195,126,209,124,224,128,232,134,238,139,241,147,150,150,157,156,162,159,171,162,182,164,195,164,207,163,216,160,224,156,228,153,233,146,150,150,156,145,164,143,172,141,182,140,194,140,205,139,214,139,221,140,227,142,233,146,195,77,142,151,146,159,153,168,163,177,177,183,194,184,211,181,223,174,231,164,236,155,239,147,142,151,145,143,153,138,162,131,178,125,193,126,208,124,223,128,231,134,236,139,239,147,150,150,156,156,162,159,170,162,181,164,194,164,206,162,215,160,222,156,226,153,231,146,150,150,156,145,163,143,171,141,181,140,193,140,204,139,213,139,220,140,226,142,231,146,197,77,143,151,148,159,155,166,166,175,180,180,197,182,213,179,226,172,234,163,239,154,242,146,143,151,147,144,154,139,164,132,180,127,196,128,211,126,226,129,234,135,239,140,242,146,150,150,157,155,163,157,172,159,183,161,196,161,208,160,218,157,225,154,229,152,235,146,150,150,157,146,164,144,173,143,184,142,196,142,207,141,216,141,223,141,229,142,235,146,196,76,142,151,147,159,154,167,165,175,179,181,196,182,213,179,225,172,234,163,239,154,243,146,142,151,146,144,153,139,163,132,180,127,195,128,210,125,225,129,234,134,240,139,243,146,150,150,157,155,163,157,172,160,183,161,196,162,208,160,218,157,225,154,229,151,235,146,150,150,156,145,164,144,172,143,183,142,195,142,206,141,216,140,223,141,229,142,235,146,196,76,143,151,148,158,155,166,165,174,180,180,197,181,213,178,225,171,234,161,239,153,242,145,143,151,147,144,154,139,164,132,180,127,195,128,210,125,225,129,233,134,239,139,242,145,150,150,157,155,163,157,172,159,183,160,196,160,208,159,217,156,225,153,229,150,234,145,150,150,157,145,164,144,173,143,183,142,195,141,206,141,215,140,223,141,229,141,234,145,194,76,142,151,147,158,153,166,164,174,178,180,195,181,211,178,223,171,232,161,237,153,240,145,142,151,145,144,153,139,162,132,178,127,194,128,208,125,223,129,231,134,237,139,240,145,150,150,156,154,162,157,171,159,181,160,194,160,206,159,216,156,223,153,227,150,233,145,150,150,156,145,163,144,171,143,181,142,193,141,204,141,214,140,221,141,227,141,233,145,194,76,143,151,148,157,155,164,165,172,179,177,196,178,211,175,224,169,233,160,239,153,242,146,143,151,146,145,154,139,163,133,179,127,194,128,209,126,224,130,233,135,239,140,242,146,150,150,157,153,163,155,171,156,182,157,195,157,207,155,217,153,225,151,229,150,235,145,150,150,157,146,164,145,172,143,183,143,194,143,206,142,215,141,223,142,229,142,235,145
95,189,70,136,147,141,154,148,161,158,169,172,174,189,175,204,173,217,166,225,158,230,150,234,142,136,147,140,140,148,135,158,128,173,122,188,123,203,121,217,125,225,131,231,136,234,142,144,146,150,150,156,152,165,154,176,155,188,155,200,154,209,152,217,149,221,147,226,142,144,146,150,142,158,140,166,138,176,137,188,137,198,136,207,136,214,137,220,138,226,142,190,71,135,147,140,154,148,161,159,169,173,174,189,175,205,172,217,166,226,158,231,150,235,142,135,147,140,140,147,135,158,129,174,124,189,125,203,123,217,126,226,132,231,137,235,142,143,146,150,150,156,152,165,153,176,155,189,155,201,154,210,152,217,149,222,147,227,142,143,146,149,142,157,140,166,139,176,139,188,139,199,138,208,138,215,138,221,139,227,142,190,67,135,145,140,153,147,162,158,171,172,177,190,179,206,176,219,169,227,159,232,150,235,140,135,145,140,137,147,131,157,125,173,119,189,120,204,118,218,122,226,128,232,133,235,140,143,144,150,150,156,153,165,156,176,158,189,159,201,157,211,154,218,151,222,147,228,140,143,144,150,139,157,137,166,135,176,134,188,134,199,133,208,133,216,134,222,136,228,140,189,66,135,144,140,153,147,162,157,171,172,177,189,179,206,175,218,168,226,158,231,148,234,139,135,144,139,136,147,130,157,123,173,117,188,118,203,116,217,120,225,126,231,131,234,139,143,143,150,150,156,153,165,156,175,158,189,158,201,156,210,153,217,150,221,146,226,139,143,143,150,138,157,135,166,133,176,132,188,132,199,131,208,131,215,132,220,134,226,139,189,66,135,144,140,153,147,162,157,172,172,178,190,180,206,177,219,169,227,158,232,148,235,139,135,144,139,136,147,130,156,123,173,117,188,118,203,115,218,119,226,125,232,131,235,139,143,143,150,150,156,154,165,157,176,159,189,160,201,158,211,154,218,150,222,147,227,139,143,143,149,137,157,135,166,133,176,132,188,131,199,131,208,131,215,132,221,134,227,139,189,65,135,143,140,153,147,162,157,172,172,178,190,180,206,176,219,169,227,158,232,148,235,138,135,143,139,135,147,129,156,122,173,116,188,117,203,114,218,118,226,124,232,130,235,138,143,142,150,150,156,153,165,157,176,159,189,159,201,157,211,154,218,150,222,146,227,138,143,142,150,137,157,134,166,132,176,131,188,130,199,130,208,130,215,131,221,133,227,138,189,65,135,144,140,153,146,162,157,172,172,178,190,179,207,176,219,168,228,158,232,148,235,138,135,144,139,135,146,129,156,122,172,116,189,117,204,114,219,118,227,124,232,130,235,138,143,143,150,150,156,153,165,156,176,158,189,159,202,157,211,154,218,150,222,146,227,138,143,143,149,137,157,134,165,132,176,131,188,130,199,130,209,130,216,131,222,133,227,138,190,61,135,143,139,153,146,162,157,172,172,179,190,181,208,177,221,169,229,158,234,148,237,137,135,143,139,134,146,127,156,120,173,114,189,114,204,112,219,116,228,123,233,129,237,137,143,142,150,150,156,154,165,157,176,159,190,160,202,158,212,154,219,150,223,146,228,137,143,142,149,136,157,133,166,130,176,129,189,128,200,128,209,128,216,129,222,132,228,137,190,63,134,144,139,153,146,163,157,173,172,179,190,181,207,177,220,170,228,159,233,149,236,139,134,144,139,136,146,129,156,122,172,116,189,117,204,114,219,119,227,125,233,131,236,139,142,143,150,150,155,154,164,157,176,159,189,160,202,158,211,155,218,151,222,147,228,139,142,143,149,137,157,135,165,133,176,132,188,131,199,130,209,131,216,132,222,134,228,139,190,62,135,143,139,153,146,162,157,172,172,179,190,180,207,177,220,169,229,158,233,148,236,138,135,143,139,135,146,128,156,121,173,115,189,116,204,113,219,118,227,124,233,130,236,138,143,142,150,150,156,153,165,157,176,159,190,160,202,158,212,154,219,150,223,146,228,138,143,142,149,136,157,134,166,132,176,130,188,130,200,129,209,129,216,131,222,133,228,138,191,63,135,144,140,153,147,163,158,173,173,179,191,181,209,178,221,170,230,159,234,148,237,138,135,144,140,135,147,129,157,122,174,116,190,116,205,114,220,118,228,124,234,130,237,138,143,143,150,150,156,154,166,158,177,160,191,161,203,158,213,155,220,151,224,147,229,138,143,143,150,137,158,134,167,132,177,131,190,130,201,130,210,130,217,131,223,133,229,138,190,62,135,142,140,152,147,162,158,173,173,180,191,181,209,178,221,170,230,158,234,147,237,137,135,142,139,134,147,127,157,120,173,114,190,115,205,112,220,116,228,123,234,129,237,137,143,141,150,150,156,154,165,158,177,160,191,161,203,159,213,155,220,150,224,146,229,137,143,141,150,135,158,132,166,130,177,129,189,128,201,128,210,128,217,129,223,131,229,137,190,63,135,142,140,152,147,162,158,172,173,179,191,181,208,177,221,169,230,158,234,147,237,137,135,142,139,134,147,127,157,120,173,114,189,115,205,112,220,117,228,123,234,129,237,137,143,141,150,150,156,154,165,157,176,160,190,161,203,159,213,155,220,150,224,146,229,137,143,141,150,135,157,132,166,130,177,129,189,128,200,128,210,128,217,129,223,131,229,137,190,63,135,143,140,152,147,162,158,173,173,179,191,181,208,177,221,169,229,158,234,148,237,137,135,143,139,134,147,128,157,121,173,115,190,116,205,113,220,117,228,123,234,129,237,137,143,142,150,150,156,154,165,158,176,160,190,161,203,159,212,155,220,150,224,146,229,137,143,142,150,136,157,133,166,131,177,130,189,129,200,128,210,129,217,130,223,132,229,137,189,63,135,143,140,152,147,162,158,172,173,178,191,180,208,176,221,168,229,158,234,147,237,137,135,143,139,135,147,128,157,121,173,115,189,116,204,113,219,117,228,124,234,129,237,137,143,142,150,150,156,153,165,157,176,159,190,160,203,157,212,154,220,150,224,146,229,137,143,142,150,136,157,133,166,131,177,130,189,130,200,129,210,129,217,130,223,132,229,137,189,64,135,144,140,153,147,163,158,173,173,179,191,180,208,177,221,169,229,158,234,148,237,138,135,144,139,135,147,129,157,122,173,116,189,117,204,114,219,118,228,125,234,130,237,138,143,143,150,150,156,154,165,157,176,160,190,160,203,158,212,155,220,151,224,146,229,138,143,143,149,137,157,134,166,132,177,131,189,131,200,130,210,130,217,131,223,133,229,138,189,62,135,142,140,152,147,163,157,173,172,180,191,182,208,178,221,170,229,159,234,148,237,137,135,142,139,133,147,127,156,119,173,113,189,114,204,112,219,116,227,123,233,129,237,137,143,141,150,150,156,154,165,158,176,161,190,162,203,160,212,156,219,151,223,147,228,137,143,141,150,135,157,132,166,129,176,128,189,128,200,127,209,127,216,129,222,131,228,137,190,62,135,142,140,153,147,163,157,174,172,181,191,183,208,179,221,171,230,159,234,148,238,137,135,142,139,133,147,127,156,120,173,114,189,115,205,112,220,117,228,123,234,129,238,137,143,141,150,150,156,155,165,159,176,162,190,163,203,161,213,157,220,152,224,147,229,137,143,141,150,135,157,132,166,130,176,128,189,128,200,127,210,128,217,129,223,131,229,137,187,62,135,141,139,152,146,163,156,175,170,182,189,184,206,180,219,172,227,159,231,148,234,136,135,141,139,131,146,125,155,117,171,112,187,112,202,110,217,114,225,121,230,127,234,136,143,140,150,150,155,155,164,160,174,163,188,164,200,162,210,158,216,152,220,147,225,136,143,140,149,133,156,130,165,127,175,126,187,125,198,125,207,125,214,127,219,130,225,136,188,61,134,140,139,152,145,163,156,175,170,182,189,184,206,180,219,171,227,159,231,147,234,135,134,140,138,131,145,124,155,117,171,111,187,111,203,109,218,113,225,120,231,126,234,135,143,140,150,150,155,155,164,160,174,163,188,164,201,162,210,157,217,152,221,146,226,136,143,140,149,132,156,129,165,126,175,125,187,125,198,124,207,124,214,126,220,129,226,136,188,64,135,141,140,152,146,163,156,174,171,182,189,184,206,180,218,171,226,159,230,147,233,136,135,141,139,132,146,126,155,119,171,113,187,113,202,111,217,115,224,122,230,128,233,136,144,140,150,150,156,155,164,159,175,163,188,163,200,161,209,157,216,152,220,146,225,136,144,140,150,133,157,130,165,128,175,127,187,126,198,126,207,126,213,128,219,130,225,136,188,63,135,141,140,152,146,163,156,174,171,181,189,183,206,180,219,171,226,159,231,148,234,137,135,141,139,132,146,126,156,118,171,113,187,113,202,111,217,116,225,122,230,128,234,137,144,140,150,150,156,154,164,159,175,162,188,163,201,161,210,157,216,152,220,147,225,137,144,140,150,133,157,130,165,128,175,127,187,127,198,126,207,127,214,128,219,131,225,137,186,63,135,142,139,152,145,162,155,173,170,180,187,182,204,179,216,170,224,159,228,149,231,139,135,142,139,134,146,128,155,121,170,115,186,116,200,114,214,118,222,124,227,130,231,139,143,141,150,150,155,154,163,158,174,161,186,161,198,159,207,156,214,151,218,147,222,138,143,141,149,135,156,133,164,131,174,130,185,129,196,129,204,129,211,131,217,133,222,138,186,63,135,143,139,153,145,163,155,174,170,181,187,183,204,179,216,171,224,159,228,149,231,139,135,143,139,134,146,128,155,121,170,115,186,116,200,114,215,118,222,125,228,131,231,139,143,142,150,150,155,154,163,159,173,161,186,162,199,160,208,157,214,152,218,147,223,139,143,142,149,136,156,133,164,131,174,130,186,130,196,129,205,130,211,131,217,133,223,139,186,63,136,144,140,153,146,163,156,173,170,180,187,182,203,179,216,171,224,160,228,150,230,140,136,144,140,135,146,129,155,122,170,116,186,117,200,115,214,119,222,126,227,132,230,140,144,142,150,150,155,154,163,158,174,161,186,161,198,160,207,156,214,152,218,148,222,140,144,142,150,137,157,134,165,132,174,131,185,131,196,130,204,131,211,132,216,134,222,140,187,64,136,143,140,153,146,162,156,173,170,179,188,181,204,178,216,170,224,159,228,149,231,140,136,143,140,135,147,129,156,123,171,117,186,118,201,116,215,120,223,126,228,132,231,140,144,142,150,150,156,154,164,157,174,160,187,161,199,159,208,155,215,151,218,147,223,139,144,142,150,137,157,135,165,133,175,132,186,132,197,131,205,131,212,133,217,134,223,139,187,64,135,144,140,152,146,162,156,172,170,179,187,180,204,177,216,170,224,159,228,149,231,140,135,144,139,136,147,130,156,123,171,118,186,119,201,116,215,121,222,127,228,132,231,140,143,142,150,150,155,153,163,157,174,159,187,160,199,158,208,155,214,151,218,147,223,140,143,142,150,137,157,135,165,134,175,133,186,132,196,132,205,132,212,133,217,135,223,140,188,66,136,144,140,153,146,163,156,172,170,179,187,181,203,178,216,170,223,159,228,150,231,141,136,144,140,137,147,131,156,124,171,119,186,120,201,117,215,122,222,128,228,133,231,141,144,143,150,150,155,154,164,157,174,159,187,160,198,158,207,155,214,151,218,148,223,140,144,143,150,138,157,136,165,135,175,134,186,134,196,133,205,133,212,134,217,136,223,140,187,62,136,143,140,153,146,163,156,174,170,181,187,183,204,180,216,171,224,160,228,149,230,139,136,143,140,134,147,128,156,120,171,114,186,115,200,113,214,118,222,125,227,131,230,139,144,142,150,150,156,154,164,158,174,161,187,162,199,160,207,156,214,152,217,147,222,139,144,142,150,136,157,133,165,131,175,130,186,129,196,129,204,129,211,131,216,133,222,139,186,62,135,143,139,152,145,162,155,173,169,180,187,182,203,179,215,170,223,159,227,149,229,139,135,143,139,134,146,128,155,121,170,115,185,116,200,113,214,118,221,125,226,131,229,139,143,142,150,150,155,154,163,158,173,160,186,161,198,159,206,156,213,151,217,147,221,139,143,142,150,136,157,133,165,131,174,130,185,130,195,129,203,130,210,131,215,133,221,139,187,62,135,142,139,152,145,163,155,174,170,181,188,183,205,180,218,172,226,160,230,149,233,138,135,142,139,133,146,126,155,119,171,113,186,114,201,112,216,116,224,123,229,129,233,138,143,141,150,150,155,155,163,159,174,162,187,163,200,161,209,157,216,152,220,147,225,138,143,141,149,134,157,131,165,129,175,128,186,127,197,127,206,128,213,129,219,132,225,138,187,62,135,142,139,152,145,163,155,174,170,181,188,183,205,180,218,171,226,159,230,149,233,138,135,142,139,133,146,126,155,119,170,113,186,114,201,112,216,117,224,123,229,129,233,138,143,141,150,150,155,154,163,159,174,162,187,163,199,161,209,157,216,152,219,147,224,138,143,141,149,134,156,131,165,129,174,128,186,128,197,127,206,128,213,129,218,132,224,138,187,64,135,143,140,152,146,162,157,171,171,178,189,180,205,176,218,169,226,158,231,148,234,139,135,143,139,135,146,129,156,122,172,116,187,117,202,115,217,119,225,125,231,131,234,139,143,142,150,150,155,153,164,156,175,159,188,159,200,158,210,154,217,150,221,146,226,139,143,142,149,136,157,134,165,132,175,131,187,131,198,130,207,130,214,132,220,134,226,139,188,64,135,142,140,152,146,162,156,173,171,180,189,182,206,178,218,170,227,159,231,149,234,138,135,142,139,133,146,127,156,119,172,114,187,114,202,112,217,117,225,124,231,130,234,138,144,141,150,150,156,154,164,158,175,160,188,161,200,159,210,156,217,151,221,147,226,138,144,141,150,135,157,132,165,130,175,128,187,128,198,128,207,128,214,130,220,132,226,138,189,68,135,144,140,153,147,161,157,171,171,177,189,178,205,175,218,168,226,159,231,150,235,141,135,144,139,137,146,131,156,124,172,119,188,120,203,118,217,122,226,128,232,134,235,141,143,143,150,150,155,152,164,155,175,157,188,158,200,156,210,154,217,150,222,147,227,141,143,143,149,138,157,136,165,135,175,134,187,134,199,133,208,133,215,134,221,136,227,141,189,70,135,144,140,153,146,162,157,172,171,178,188,180,205,177,217,169,226,159,231,149,234,140,135,144,139,136,146,130,156,123,172,118,188,119,203,116,217,121,225,127,231,132,234,140,143,143,150,150,155,154,164,157,175,159,188,160,200,158,210,155,217,151,221,147,226,140,143,143,149,138,156,135,165,133,175,132,187,132,198,132,207,132,215,133,221,135,226,140,188,70,135,145,140,154,147,162,157,171,171,177,188,179,205,176,217,169,226,159,231,149,234,141,135,145,139,138,146,132,156,125,172,119,188,120,202,118,217,122,225,128,231,133,234,141,143,144,150,150,155,153,164,156,175,158,188,158,200,157,209,154,217,150,221,147,226,140,143,144,149,139,157,137,165,135,175,134,187,134,198,133,207,133,214,134,220,136,226,140,189,71,136,145,140,153,147,162,157,171,171,177,188,178,205,175,217,168,225,158,230,149,233,141,136,145,139,137,147,132,156,125,172,119,187,120,202,118,217,122,225,128,230,133,233,141,144,144,150,150,156,153,164,156,175,158,188,158,200,156,209,154,216,150,220,147,225,140,144,144,150,139,157,137,165,135,175,134,187,134,198,133,207,133,214,134,220,136,225,140,190,72,136,146,141,154,148,161,159,170,173,175,190,177,206,174,219,167,227,158,232,149,235,141,136,146,140,139,147,134,157,127,173,122,189,123,204,121,219,124,227,130,232,135,235,141,144,145,150,150,156,152,165,154,176,156,189,156,201,155,211,152,218,149,222,147,228,141,144,145,150,141,157,139,166,138,177,137,189,137,200,136,209,136,216,136,222,137,228,141,189,71,135,146,140,154,147,162,158,170,172,176,189,177,206,174,218,167,227,158,232,149,236,141,135,146,139,139,146,134,156,127,173,122,188,123,203,120,218,124,227,129,233,134,236,141,143,145,150,150,156,153,165,155,176,156,189,157,201,155,211,152,218,149,222,146,228,141,143,145,149,141,157,139,165,138,176,137,188,137,199,136,209,135,216,136,222,137,228,141,189,72,136,147,141,154,148,162,159,170,173,176,190,177,206,174,218,167,227,157,232,149,235,141,136,147,140,140,147,135,157,128,173,123,188,124,203,121,218,125,226,130,232,135,235,141,144,146,150,150,156,153,165,155,176,156,189,156,201,154,210,152,218,149,222,146,227,141,144,146,150,142,157,140,166,139,176,138,188,138,199,137,208,136,216,137,222,138,227,141,188,72,136,147,141,154,147,162,158,170,172,176,189,177,205,174,217,167,226,157,231,149,234,141,136,147,139,140,147,135,156,128,172,123,188,124,202,121,217,124,225,130,231,135,234,141,144,146,150,150,156,153,165,155,175,156,188,156,200,155,210,152,217,149,221,146,227,141,144,146,150,141,157,140,165,139,176,138,187,137,198,137,208,136,215,136,221,137,227,141,187,73,136,148,141,154,148,161,158,169,172,174,189,175,204,172,217,166,226,157,231,150,235,143,136,148,139,142,147,136,156,130,172,124,187,125,202,123,217,127,226,132,232,137,235,143,143,147,150,150,156,152,164,153,175,154,188,154,200,152,210,150,217,148,222,147,228,142,143,147,150,143,157,142,165,140,176,140,187,140,199,139,208,138,216,139,222,139,228,142
88,183,68,130,145,135,152,142,159,152,167,166,172,183,173,198,171,210,164,219,156,224,148,228,140,130,145,134,138,142,132,152,126,167,120,182,121,197,119,211,123,219,129,225,134,228,140,138,144,144,148,150,150,159,152,170,153,182,153,194,152,203,150,211,147,215,145,220,140,138,144,144,140,152,138,160,136,170,135,182,135,192,134,201,134,208,135,214,136,220,140,184,69,129,145,134,152,142,159,153,167,167,172,183,173,199,170,211,164,220,156,225,148,229,140,129,145,134,138,142,133,152,127,168,122,183,123,197,121,211,124,220,130,225,134,229,140,137,144,144,148,150,150,159,151,170,153,183,153,195,152,204,150,211,147,216,145,221,140,137,144,143,140,151,138,160,137,170,137,182,137,193,136,202,136,209,136,215,137,221,140,184,64,129,142,134,150,141,159,151,168,166,174,184,176,200,173,213,166,221,156,226,147,229,137,129,142,133,134,141,128,151,122,167,116,183,117,198,115,212,119,220,125,226,130,229,137,137,141,144,147,150,150,159,153,170,155,183,156,195,154,205,151,212,148,216,144,222,137,137,141,144,136,151,134,160,132,170,131,182,131,193,130,202,130,210,131,216,133,222,137,183,63,129,141,134,150,141,159,151,168,166,174,183,175,200,172,212,165,220,155,225,145,228,136,129,141,133,133,141,127,151,120,167,114,182,115,197,113,211,117,219,123,225,129,228,136,137,140,144,147,150,150,159,153,169,155,183,155,195,153,204,150,211,147,215,143,220,136,137,140,144,135,151,132,160,130,170,129,182,129,193,128,202,128,209,129,214,131,220,136,183,62,129,140,134,149,141,158,151,168,166,174,184,176,200,173,213,165,221,154,226,144,229,135,129,140,133,132,141,126,150,119,167,113,182,114,197,111,212,115,220,121,226,127,229,135,137,139,144,146,150,150,159,153,169,155,183,156,195,154,205,150,212,146,216,143,221,135,137,139,143,133,151,131,160,129,170,128,182,127,193,127,202,127,209,128,215,130,221,135,183,62,129,140,134,150,141,159,151,169,166,175,184,176,200,173,213,166,221,155,226,145,229,135,129,140,133,132,141,126,150,119,167,113,182,114,197,111,212,115,220,121,226,127,229,135,137,139,144,147,150,150,159,154,170,156,183,156,195,154,205,151,212,147,216,143,221,135,137,139,143,134,151,131,160,129,170,128,182,127,193,126,202,127,209,128,215,130,221,135,183,62,129,141,133,150,140,159,151,169,166,175,184,176,201,173,213,165,222,155,226,145,229,135,129,141,133,132,140,126,150,119,167,113,183,114,198,111,213,115,221,121,226,127,229,135,137,140,144,147,150,150,159,153,170,155,183,156,196,154,205,151,212,147,216,143,221,135,137,140,143,134,151,131,159,129,170,128,182,127,193,127,203,127,210,128,216,130,221,135,184,57,129,139,133,148,140,158,151,168,166,175,184,177,202,173,215,165,223,154,228,144,231,133,129,139,133,130,140,123,150,116,167,109,183,110,198,108,213,112,222,119,227,125,231,133,137,138,144,146,150,150,159,153,170,155,184,156,196,154,206,150,213,146,217,142,222,133,137,138,143,132,151,129,160,126,170,125,183,124,194,124,203,124,210,125,216,128,222,133,185,59,129,140,134,149,141,159,152,169,167,175,185,177,202,173,215,166,223,155,228,145,231,135,129,140,134,132,141,125,151,118,168,112,184,113,199,110,214,115,222,121,228,127,231,135,137,139,145,146,150,150,159,153,171,155,184,156,197,154,206,151,213,147,218,143,223,135,137,139,144,133,152,131,160,129,171,128,183,127,194,126,204,127,211,128,217,130,223,135,184,60,129,140,133,150,140,159,151,169,166,176,184,177,201,174,214,166,223,155,227,145,230,135,129,140,133,132,140,125,150,118,167,112,183,113,198,110,213,115,221,121,227,127,230,135,137,139,144,147,150,150,159,154,170,156,184,157,196,155,206,151,213,147,217,143,222,135,137,139,143,133,151,131,160,129,170,127,183,127,194,126,203,126,210,128,216,130,222,135,185,59,129,140,134,149,141,159,152,169,167,176,185,177,203,174,215,166,224,155,228,144,231,134,129,140,133,131,141,125,151,118,168,112,184,112,199,110,214,114,222,120,228,126,231,134,137,139,144,146,150,150,160,154,171,156,185,157,197,154,207,151,214,147,218,143,223,134,137,139,144,133,152,130,161,128,171,127,184,126,195,125,204,126,211,127,217,129,223,134,184,58,129,138,134,148,141,158,152,169,167,176,185,177,203,174,215,166,224,154,228,143,231,133,129,138,134,130,141,123,151,116,168,110,184,111,199,108,214,112,222,119,228,125,231,133,137,137,145,146,150,150,160,154,171,156,185,157,197,155,207,151,214,146,218,142,223,133,137,137,144,131,152,128,161,126,171,125,183,124,195,124,204,124,211,125,217,127,223,133,184,59,129,138,134,148,141,158,152,168,167,175,185,177,202,173,215,165,224,154,228,143,231,133,129,138,133,130,141,123,151,116,167,110,183,111,199,108,214,112,222,119,228,125,231,133,137,137,144,146,150,150,159,153,170,156,184,156,197,154,207,151,214,146,218,142,223,133,137,137,143,131,151,128,160,126,171,125,183,124,194,124,204,124,211,125,217,127,223,133,184,59,129,139,134,148,141,158,152,169,167,175,185,177,202,173,215,165,223,154,228,144,231,133,129,139,133,130,141,124,151,117,167,111,184,112,199,109,214,113,222,119,228,125,231,133,137,138,144,146,150,150,159,154,170,156,184,157,197,155,206,151,214,146,218,142,223,133,137,138,144,132,151,129,160,127,171,126,183,125,194,124,204,125,211,126,217,128,223,133,183,60,129,140,134,149,141,159,152,169,167,175,185,177,202,173,215,165,223,155,228,144,231,134,129,140,133,132,141,125,151,118,167,112,183,113,198,110,213,115,222,121,228,127,231,134,137,139,144,147,150,150,159,154,170,156,184,156,197,154,206,151,214,147,218,143,223,134,137,139,144,133,151,130,160,128,171,127,183,127,194,126,204,126,211,127,217,129,223,134,183,60,129,140,134,149,141,159,152,169,167,175,185,177,202,173,215,165,223,154,228,144,231,134,129,140,133,132,141,125,151,118,167,112,183,113,199,110,214,114,222,121,228,126,231,134,137,139,144,146,150,150,159,154,170,156,184,156,197,154,206,151,214,147,218,143,223,134,137,139,143,133,151,130,160,128,171,127,183,127,194,126,204,126,211,127,217,129,223,134,183,58,129,138,134,148,141,159,151,169,166,176,185,178,202,175,215,166,223,155,228,144,231,133,129,138,133,129,141,123,150,115,167,110,183,110,198,108,213,112,221,119,227,125,231,133,137,137,144,146,150,150,159,155,170,157,184,158,197,156,206,152,213,147,217,143,222,134,137,137,144,131,151,128,160,125,170,124,183,124,194,123,203,124,210,125,216,128,222,134,184,57,129,137,134,148,141,158,152,169,166,176,185,178,202,175,215,166,224,154,228,143,232,132,129,137,133,128,141,122,151,115,167,109,183,110,199,108,214,112,222,118,228,124,232,132,137,136,144,146,150,150,159,155,170,157,184,158,197,156,207,152,214,147,218,142,223,132,137,136,144,130,151,127,160,125,171,124,183,123,194,123,204,123,211,124,217,126,223,132,182,57,130,136,134,147,140,158,151,170,165,177,183,179,201,175,214,167,221,154,226,143,229,131,130,136,134,126,141,120,150,112,166,106,182,107,197,105,212,109,220,116,225,122,229,131,138,135,145,145,150,150,159,155,169,158,183,159,195,157,204,152,211,147,215,142,220,131,138,135,144,128,151,125,160,122,170,121,181,120,193,120,202,120,208,122,214,125,220,131,183,56,129,135,134,147,140,158,151,169,165,177,184,179,201,175,214,166,222,154,226,142,229,130,129,135,133,126,140,119,150,112,166,106,182,106,198,104,213,108,220,115,226,121,229,130,138,134,145,145,150,150,159,155,169,158,183,159,196,156,205,152,212,147,216,141,221,131,138,134,144,127,151,124,160,121,170,120,182,120,193,119,202,119,209,121,215,124,221,131,182,58,129,136,134,147,140,158,150,169,165,177,183,178,200,175,212,166,220,154,224,142,227,131,129,136,133,127,140,121,149,114,165,108,181,108,196,106,211,110,218,117,224,123,227,131,138,135,144,145,150,150,158,154,169,157,182,158,194,156,203,152,210,147,214,141,219,131,138,135,144,129,151,125,159,123,169,122,181,121,192,121,201,121,207,123,213,125,219,131,182,58,129,136,134,147,140,158,150,169,165,176,183,178,200,175,213,166,220,154,225,143,228,132,129,136,133,127,140,121,150,113,165,108,181,108,196,106,211,111,219,117,224,123,228,132,138,135,144,145,150,150,158,154,169,157,182,158,195,156,204,152,210,147,214,142,219,132,138,135,144,128,151,125,159,123,169,122,181,122,192,121,201,122,208,123,213,126,219,132,181,58,130,138,134,148,140,158,150,169,165,176,182,178,199,175,211,166,219,155,223,145,226,135,130,138,134,130,141,124,150,117,165,111,181,112,195,110,209,114,217,120,222,126,226,135,138,137,145,146,150,150,158,154,169,157,181,157,193,155,202,152,209,147,213,143,217,134,138,137,144,131,151,129,159,127,169,126,180,125,191,125,199,125,206,127,212,129,217,134,181,59,130,139,134,149,140,159,150,170,165,177,182,179,199,175,211,167,219,155,223,145,226,135,130,139,134,130,141,124,150,117,165,111,181,112,195,110,210,114,217,121,223,127,226,135,138,138,145,146,150,150,158,155,168,157,181,158,194,156,203,153,209,148,213,143,218,135,138,138,144,132,151,129,159,127,169,126,180,126,191,125,200,126,206,127,212,129,218,135,181,59,131,140,135,149,141,159,151,169,165,176,182,178,198,175,211,167,219,156,223,146,225,136,131,140,135,131,141,125,150,118,165,112,181,113,195,111,209,115,217,122,222,128,225,136,139,138,145,146,150,150,158,154,169,157,181,158,193,156,202,152,209,148,212,144,217,136,139,138,145,133,152,130,160,128,169,127,180,127,191,126,199,127,206,128,211,130,217,136,181,60,130,139,134,149,140,158,150,169,164,175,182,177,198,174,210,166,218,155,222,145,225,136,130,139,134,131,141,125,150,119,165,113,180,114,195,112,209,116,216,122,222,128,225,136,138,138,144,146,150,150,158,153,168,156,181,157,193,155,202,151,209,147,212,143,217,135,138,138,144,133,151,131,159,129,169,128,180,128,191,127,199,127,206,129,211,130,217,135,182,61,130,141,135,149,141,159,151,169,165,176,182,177,199,174,211,167,219,156,223,146,226,137,130,141,134,133,142,127,151,120,166,115,181,116,196,113,210,118,217,124,223,130,226,137,138,139,145,147,150,150,158,154,169,156,182,157,194,155,203,152,209,148,213,144,218,137,138,139,145,134,152,132,160,131,170,130,181,130,191,129,200,129,207,130,212,132,218,137,183,62,131,140,135,149,141,159,151,169,165,175,182,177,199,174,211,166,219,155,223,146,226,137,131,140,135,133,142,127,151,120,166,115,181,116,196,113,210,118,217,124,223,129,226,137,139,139,145,146,150,150,159,153,169,155,182,156,193,154,202,151,209,147,213,144,218,136,139,139,145,134,152,132,160,131,170,130,181,130,191,129,200,129,207,130,212,132,218,136,181,58,130,139,134,149,140,159,150,170,164,177,181,179,198,176,210,167,218,156,222,145,224,135,130,139,134,130,141,124,149,116,165,110,180,111,194,109,208,114,216,121,221,127,224,135,138,138,144,146,150,150,158,154,168,157,181,158,193,156,201,152,208,148,211,143,216,135,138,138,144,132,151,129,159,127,169,126,180,125,190,125,198,125,205,127,210,129,216,135,181,58,130,139,134,148,140,158,150,169,164,176,182,178,198,175,210,167,218,155,222,145,224,135,130,139,134,130,141,124,150,116,165,111,180,112,195,109,209,114,216,121,221,127,224,135,138,138,145,146,150,150,158,154,168,156,181,157,193,155,201,152,208,147,212,143,216,135,138,138,145,132,152,129,160,127,169,126,180,125,190,125,198,126,205,127,210,129,216,135,182,57,130,137,134,147,140,158,150,169,165,177,183,178,200,175,213,167,221,155,225,144,228,133,130,137,134,128,141,121,150,114,166,108,181,109,196,107,211,111,219,118,224,124,228,133,138,136,145,145,150,150,158,154,169,157,182,158,195,156,204,152,211,147,215,142,220,133,138,136,144,129,152,126,160,124,170,123,181,122,192,122,201,122,208,124,214,127,220,133,182,57,130,137,134,147,140,158,150,169,165,176,183,178,200,175,213,166,221,154,225,144,228,133,130,137,134,128,141,121,150,114,165,108,181,109,196,107,211,111,219,118,224,124,228,133,138,136,145,145,150,150,158,154,169,157,182,158,195,156,204,152,211,147,215,142,220,133,138,136,144,129,151,126,160,124,169,123,181,123,192,122,201,123,208,124,214,127,220,133,183,61,130,140,135,149,141,159,152,168,166,175,184,176,200,173,213,166,222,155,226,145,230,136,130,140,134,132,141,126,151,119,167,113,182,114,197,112,212,116,220,122,226,128,230,136,138,139,145,147,150,150,159,153,170,156,183,156,195,154,205,151,212,147,216,143,222,136,138,139,144,134,152,131,160,129,170,128,182,128,193,127,202,127,210,129,216,131,222,136,182,60,129,138,134,148,140,158,150,169,165,176,183,178,200,174,212,166,220,155,225,145,228,134,129,138,133,129,140,123,150,115,165,110,181,110,196,108,211,113,219,120,225,126,228,134,137,137,144,146,150,150,158,154,169,157,182,157,194,155,204,152,211,147,215,143,220,134,137,137,144,131,151,128,159,126,169,124,181,124,192,124,201,124,208,126,214,128,220,134,184,65,130,141,135,150,142,158,152,168,166,174,184,175,200,172,213,165,221,156,226,147,230,138,130,141,134,134,141,128,151,121,167,116,183,117,198,115,212,119,221,125,227,131,230,138,138,140,145,147,150,150,159,152,170,154,183,155,195,153,205,151,212,147,217,144,222,138,138,140,144,135,152,133,160,132,170,131,182,131,194,130,203,130,210,131,216,133,222,138,184,66,130,140,135,149,141,158,152,168,166,174,183,175,200,173,212,165,221,155,226,145,229,136,130,140,134,132,141,126,151,119,167,114,183,115,198,112,212,117,220,123,226,128,229,136,138,139,145,146,150,150,159,153,170,155,183,155,195,154,205,151,212,147,216,143,221,136,138,139,144,134,151,131,160,129,170,128,182,128,193,128,202,128,210,129,216,131,221,136,183,67,130,142,135,151,141,159,152,168,166,174,183,176,200,173,212,166,221,156,225,146,229,138,130,142,134,135,141,129,151,122,167,116,182,117,197,115,212,119,220,125,226,130,229,138,138,141,145,147,150,150,159,153,170,155,183,155,195,154,204,151,211,147,216,144,221,137,138,141,144,136,151,134,160,132,170,131,182,131,193,130,202,130,209,131,215,133,221,137,183,68,130,142,134,150,141,159,151,168,165,174,182,175,199,172,211,165,219,155,224,146,227,138,130,142,133,134,141,129,150,122,166,116,181,117,196,115,211,119,219,125,224,130,227,138,137,141,144,147,150,150,158,153,169,155,182,155,194,153,203,151,210,147,214,144,219,137,137,141,144,136,151,134,159,132,169,131,181,131,192,130,201,130,208,131,214,133,219,137,184,70,130,144,135,152,142,159,153,168,167,173,184,175,200,172,213,165,221,156,226,147,229,139,130,144,134,137,141,132,151,125,167,120,183,121,198,119,213,122,221,128,226,133,229,139,138,143,144,148,150,150,159,152,170,154,183,154,195,153,205,150,212,147,216,145,222,139,138,143,144,139,151,137,160,136,171,135,183,135,194,134,203,134,210,134,216,135,222,139,184,68,130,143,135,151,142,159,153,167,167,173,184,174,201,171,213,164,222,155,227,146,231,138,130,143,134,136,141,131,151,124,168,119,183,120,198,117,213,121,222,126,228,131,231,138,138,142,145,147,150,150,159,152,171,153,184,154,196,152,206,149,213,146,217,143,223,138,138,142,144,137,152,136,160,135,171,134,183,134,194,133,204,132,211,133,217,134,223,138,183,69,130,144,135,151,142,159,152,167,167,173,184,174,200,171,212,164,221,154,226,146,229,138,130,144,134,137,141,132,151,125,167,120,182,121,197,118,212,122,220,127,226,132,229,138,137,143,144,147,150,150,159,152,170,153,183,153,195,151,204,149,212,146,216,143,221,138,137,143,144,138,151,137,160,136,170,135,182,135,193,134,202,133,210,134,216,135,221,138,182,69,130,144,134,151,141,159,152,167,166,173,183,174,199,171,211,164,220,154,225,146,228,138,130,144,133,137,141,132,150,125,166,120,182,121,196,118,211,122,219,127,225,132,228,138,138,143,144,147,150,150,159,152,169,153,182,153,194,152,204,149,211,146,215,143,221,138,138,143,144,138,151,137,159,136,169,135,181,134,192,134,202,133,209,134,215,134,221,138,181,71,130,146,135,152,142,159,152,167,166,172,183,173,198,170,211,164,220,155,226,148,229,141,130,146,133,140,141,134,150,128,166,122,181,123,196,121,211,125,220,130,226,135,229,141,137,145,144,148,150,150,158,151,169,152,182,152,194,150,204,148,212,146,216,145,222,140,137,145,144,141,151,140,159,138,170,138,181,138,193,137,202,136,210,137,216,137,222,140
178,174,66,121,143,126,150,133,157,143,165,157,170,174,171,189,169,202,162,210,154,215,146,219,138,121,143,125,136,133,130,143,124,158,118,173,119,188,117,202,121,210,127,216,132,219,138,129,142,135,146,141,148,150,150,161,151,173,151,185,150,194,148,202,145,206,143,211,138,129,142,135,138,143,136,151,134,161,133,173,133,183,132,192,132,199,133,205,134,211,138,175,68,120,144,125,151,133,158,144,166,158,171,174,172,190,169,202,163,211,155,216,147,220,139,120,144,125,137,132,132,143,126,159,121,174,122,188,120,202,123,211,129,216,133,220,139,128,142,135,147,141,149,150,150,161,152,174,152,186,151,195,148,202,146,207,144,212,139,128,142,134,139,142,137,151,136,161,136,173,136,184,135,193,135,200,135,206,136,212,139,175,60,120,139,125,147,132,156,143,165,157,171,175,173,191,170,204,163,212,153,217,144,220,134,120,139,124,131,132,125,142,119,158,113,174,114,189,112,203,116,211,122,217,127,220,134,128,138,135,144,141,147,150,150,161,152,174,153,186,151,196,148,203,145,207,141,213,134,128,138,135,133,142,131,151,129,161,128,173,128,184,127,193,127,201,128,207,130,213,134,174,60,120,138,125,147,132,156,142,165,157,171,174,172,191,169,203,162,211,152,216,142,219,133,120,138,124,130,132,124,142,117,158,111,173,112,188,110,202,114,210,120,216,126,219,133,128,137,135,144,141,147,150,150,160,152,174,152,186,150,195,147,202,144,206,140,211,133,128,137,135,132,142,129,151,127,161,126,173,126,184,125,193,125,200,126,205,128,211,133,174,59,120,137,125,146,132,155,142,165,157,171,175,173,191,170,204,162,212,151,217,141,220,132,120,137,124,129,132,123,141,116,158,110,173,111,188,108,203,112,211,118,217,124,220,132,128,136,135,143,141,147,150,150,161,152,174,153,186,151,196,147,203,143,207,140,212,132,128,136,134,130,142,128,151,126,161,125,173,124,184,124,193,124,200,125,206,127,212,132,174,58,120,136,125,146,132,155,142,165,157,171,175,173,191,169,204,162,212,151,217,141,220,131,120,136,124,128,132,122,141,115,158,109,173,110,188,107,203,111,211,117,217,123,220,131,128,135,135,143,141,146,150,150,161,152,174,152,186,150,196,147,203,143,207,139,212,131,128,135,134,130,142,127,151,125,161,124,173,123,184,123,193,123,200,124,206,126,212,131,174,59,120,138,125,147,131,156,142,166,157,172,175,173,192,170,204,162,213,152,217,142,220,132,120,138,124,129,131,123,141,116,157,110,174,111,189,108,204,112,212,118,217,124,220,132,128,137,135,144,141,147,150,150,161,152,174,153,187,151,196,148,203,144,207,140,212,132,128,137,134,131,142,128,150,126,161,125,173,124,184,124,194,124,201,125,207,127,212,132,175,54,120,136,124,146,131,155,142,165,157,172,175,174,193,170,206,162,214,151,219,141,222,130,120,136,124,127,131,120,141,113,158,107,174,107,189,105,204,109,213,116,218,122,222,130,128,135,135,143,141,147,150,150,161,152,175,153,187,151,197,147,204,143,208,139,213,130,128,135,134,129,142,126,151,123,161,122,174,121,185,121,194,121,201,123,207,125,213,130,176,56,120,137,125,146,132,156,143,166,158,172,176,174,193,170,206,163,214,152,219,142,222,132,120,137,125,129,132,122,142,115,158,109,175,110,190,107,205,112,213,118,219,124,222,132,128,136,136,143,141,147,150,150,162,152,175,153,188,151,197,148,204,144,209,140,214,132,128,136,135,130,143,128,151,126,162,125,174,124,185,123,195,124,202,125,208,127,214,132,175,56,120,136,124,146,131,155,142,165,157,172,175,173,192,170,205,162,214,151,218,141,221,131,120,136,124,128,131,121,141,114,158,108,174,109,189,106,204,111,212,117,218,123,221,131,128,135,135,143,141,146,150,150,161,152,175,153,187,151,197,147,204,143,208,139,213,131,128,135,134,129,142,127,151,125,161,123,174,123,185,122,194,122,201,124,207,126,213,131,175,55,119,136,124,145,131,155,142,165,157,172,175,173,193,170,205,162,214,151,218,140,221,130,119,136,123,127,131,121,141,114,158,108,174,108,189,106,204,110,212,116,218,122,221,130,127,135,134,143,140,146,150,150,161,152,175,153,187,151,197,147,204,143,208,139,213,130,127,135,134,129,142,126,151,124,161,123,174,122,185,122,194,122,201,123,207,125,213,130,174,54,119,134,124,144,131,154,142,165,157,172,175,173,193,170,205,162,214,150,218,139,221,129,119,134,124,126,131,119,141,112,158,106,174,107,189,104,204,108,212,115,218,121,221,129,127,133,135,142,140,146,150,150,161,152,175,153,187,151,197,147,204,142,208,138,213,129,127,133,134,127,142,124,151,122,161,121,173,120,185,120,194,120,201,121,207,123,213,129,175,56,120,135,125,145,132,155,143,165,158,172,176,174,193,170,206,162,215,151,219,140,223,130,120,135,124,127,132,120,142,113,158,107,174,108,190,105,205,109,213,116,219,122,223,130,128,134,135,143,141,147,150,150,161,153,175,154,188,151,198,148,205,143,209,139,214,130,128,134,134,128,142,125,151,123,162,122,174,121,185,121,195,121,202,122,208,124,214,130,175,55,120,135,125,144,132,154,143,165,158,171,176,173,193,169,206,161,214,150,219,140,222,129,120,135,124,126,132,120,142,113,158,107,175,108,190,105,205,109,213,115,219,121,222,129,128,134,135,142,141,146,150,150,161,152,175,153,188,151,197,147,205,142,209,138,214,129,128,134,135,128,142,125,151,123,162,122,174,121,185,120,195,121,202,122,208,124,214,129,174,56,120,136,125,145,132,155,143,165,158,171,176,173,193,169,206,161,214,150,219,140,222,130,120,136,124,128,132,121,142,114,158,108,174,109,189,106,204,111,213,117,219,123,222,130,128,135,135,143,141,146,150,150,161,152,175,152,188,150,197,147,204,143,209,139,214,130,128,135,135,129,142,126,151,124,162,123,174,123,185,122,195,122,202,123,208,125,214,130,174,57,120,137,125,146,132,156,143,166,158,172,176,173,193,170,206,162,214,151,219,141,222,131,120,137,124,128,132,122,142,115,158,109,174,110,190,107,205,111,213,118,219,123,222,131,128,136,135,143,141,147,150,150,161,153,175,153,188,151,197,148,205,144,209,139,214,131,128,136,134,130,142,127,151,125,162,124,174,123,185,123,195,123,202,124,208,126,214,131,174,54,120,134,125,144,132,155,142,165,157,172,176,174,193,171,206,162,214,151,219,140,222,129,120,134,124,125,132,119,141,111,158,105,174,106,189,104,204,108,212,115,218,121,222,129,128,133,135,142,141,146,150,150,161,153,175,154,188,152,197,148,204,143,208,139,213,129,128,133,135,127,142,124,151,121,161,120,174,120,185,119,194,119,201,121,207,124,213,129,175,53,120,133,125,144,132,154,143,165,157,172,176,174,193,171,206,162,215,150,219,139,223,128,120,133,124,124,132,118,142,111,158,105,174,106,190,104,205,108,213,114,219,120,223,128,128,132,135,142,141,146,150,150,161,153,175,154,188,152,198,148,205,143,209,138,214,128,128,132,135,126,142,123,151,121,162,120,174,119,185,119,195,119,202,120,208,123,214,128,173,52,121,131,125,142,132,153,142,165,156,172,175,174,192,170,205,162,213,149,217,138,220,126,121,131,125,121,132,115,141,107,157,102,173,102,188,100,203,104,211,111,216,117,220,126,129,130,136,140,141,145,150,150,160,153,174,154,186,152,196,148,202,142,206,137,211,126,129,130,135,123,142,120,151,117,161,116,173,115,184,115,193,115,200,117,205,120,211,126,174,51,120,130,125,142,131,153,142,165,156,172,175,174,192,170,205,161,213,149,217,137,220,125,120,130,124,121,131,114,141,107,157,101,173,101,189,99,204,103,211,110,217,116,220,125,129,130,136,140,141,145,150,150,160,153,174,154,187,152,196,147,203,142,207,136,212,126,129,130,135,122,142,119,151,116,161,115,173,115,184,114,193,114,200,116,206,119,212,126,174,55,121,132,126,143,132,154,142,165,157,173,175,174,192,171,204,162,212,150,216,138,219,127,121,132,125,123,132,117,141,110,157,104,173,104,188,102,203,106,210,113,216,119,219,127,130,131,136,141,142,146,150,150,161,154,174,154,186,152,195,148,202,143,206,137,211,127,130,131,136,124,143,121,151,119,161,118,173,117,184,117,193,117,199,119,205,121,211,127,174,54,121,132,126,143,132,154,142,165,157,172,175,174,192,171,205,162,212,150,217,139,220,128,121,132,125,123,132,116,142,109,157,104,173,104,188,102,203,107,211,113,216,119,220,128,130,131,136,141,142,146,150,150,161,153,174,154,187,152,196,148,202,143,206,138,211,128,130,131,136,124,143,121,151,119,161,118,173,118,184,117,193,117,200,119,205,122,211,128,173,55,122,134,126,144,132,154,142,165,157,172,174,174,191,171,203,162,211,151,215,141,218,131,122,134,126,126,133,120,142,113,157,107,173,108,187,106,201,110,209,116,214,122,218,131,130,133,137,142,142,146,150,150,160,152,173,153,185,151,194,148,201,143,205,139,209,130,130,133,136,127,143,125,151,123,161,122,172,121,183,121,191,121,198,123,204,125,209,130,173,54,122,134,126,144,132,154,142,165,157,172,174,174,191,170,203,162,211,150,215,140,218,130,122,134,126,125,133,119,142,112,157,106,173,107,187,105,202,109,209,116,215,122,218,130,130,133,137,141,142,145,150,150,160,152,173,153,186,151,195,147,201,143,205,138,210,130,130,133,136,127,143,124,151,122,161,121,172,121,183,120,192,121,198,122,204,124,210,130,173,55,123,136,127,145,133,155,143,165,157,172,174,174,190,171,203,163,211,152,215,142,217,132,123,136,127,127,133,121,142,114,157,108,173,109,187,107,201,111,209,118,214,124,217,132,131,134,137,142,142,146,150,150,161,153,173,153,185,152,194,148,201,144,205,140,209,132,131,134,137,129,144,126,152,124,161,123,172,123,183,122,191,123,198,124,203,126,209,132,173,57,122,136,126,146,132,155,142,166,156,172,174,174,190,171,202,163,210,152,214,142,217,133,122,136,126,128,133,122,142,116,157,110,172,111,187,109,201,113,209,119,214,125,217,133,130,135,136,143,142,147,150,150,160,153,173,154,185,152,194,148,201,144,204,140,209,132,130,135,136,130,143,128,151,126,161,125,172,125,183,124,191,124,198,126,203,127,209,132,174,58,122,138,127,146,133,156,143,166,157,173,174,174,191,171,203,163,211,153,215,143,218,134,122,138,126,130,134,124,143,117,158,112,173,113,188,110,202,115,209,121,215,126,218,134,130,136,137,144,142,147,150,150,161,153,174,154,186,152,195,149,201,145,205,141,210,134,130,136,137,131,144,129,152,128,162,127,173,127,183,126,192,126,199,127,204,129,210,134,174,59,122,137,126,146,132,156,142,166,156,172,173,174,190,171,202,163,210,152,214,143,217,134,122,137,126,130,133,124,142,117,157,112,172,113,187,110,201,115,208,121,214,126,217,134,130,136,136,143,141,147,150,150,160,152,173,153,185,151,193,148,200,144,204,141,209,133,130,136,136,131,143,129,151,128,161,127,172,127,182,126,191,126,198,127,203,129,209,133,173,54,122,135,126,145,132,155,142,166,156,173,173,175,190,172,202,163,210,152,214,141,216,131,122,135,126,126,133,120,141,112,157,106,172,107,186,105,200,110,208,117,213,123,216,131,130,134,136,142,142,146,150,150,160,153,173,154,185,152,193,148,200,144,203,140,208,131,130,134,136,128,143,125,151,123,161,122,172,121,182,121,190,121,197,123,202,125,208,131,173,54,122,135,126,144,132,154,142,165,156,172,174,174,190,171,202,163,210,151,214,141,216,131,122,135,126,126,133,120,142,113,157,107,172,108,187,105,201,110,208,117,213,123,216,131,130,134,137,142,142,146,150,150,160,152,173,153,185,151,193,148,200,143,204,139,208,131,130,134,137,128,144,125,152,123,161,122,172,122,182,121,190,122,197,123,202,125,208,131,174,53,122,133,126,143,132,154,142,165,157,172,175,174,192,171,205,163,213,151,217,140,220,129,122,133,126,124,133,117,142,110,158,104,173,105,188,103,203,107,211,114,216,120,220,129,130,132,137,141,142,146,150,150,161,153,174,154,187,152,196,148,203,143,207,138,212,129,130,132,136,125,144,122,152,120,162,119,173,118,184,118,193,118,200,120,206,123,212,129,174,53,122,133,126,143,132,154,142,165,157,172,175,174,192,171,205,162,213,151,217,140,220,129,122,133,126,124,133,117,142,110,157,104,173,105,188,103,203,107,211,114,216,120,220,129,130,132,137,141,142,146,150,150,161,153,174,154,187,152,196,148,203,143,207,138,212,129,130,132,136,125,143,122,152,120,161,119,173,118,184,118,193,119,200,120,206,123,212,129,174,58,121,137,126,146,132,156,143,165,157,172,175,174,191,170,204,163,213,152,217,142,221,133,121,137,125,129,132,123,142,116,158,110,173,111,188,109,203,113,211,119,217,125,221,133,129,136,136,144,141,147,150,150,161,153,174,153,186,152,196,148,203,144,207,140,213,133,129,136,135,131,143,128,151,126,161,125,173,125,184,124,193,125,201,126,207,128,213,133,174,56,121,134,126,144,132,154,142,165,157,172,175,174,192,170,204,162,212,151,217,141,220,130,121,134,125,125,132,119,142,112,157,106,173,106,188,104,203,109,211,116,217,122,220,130,129,133,136,142,142,146,150,150,161,153,174,153,186,151,196,148,203,143,207,139,212,130,129,133,136,127,143,124,151,122,161,120,173,120,184,120,193,120,200,122,206,124,212,130,175,63,121,139,126,148,133,156,143,166,157,172,175,173,191,170,204,163,212,154,217,145,221,136,121,139,125,132,132,126,142,119,158,114,174,115,189,113,204,117,212,123,218,129,221,136,129,138,136,145,141,148,150,150,161,152,174,153,186,151,196,149,203,145,208,142,213,136,129,138,135,133,143,131,151,130,162,129,173,129,185,128,194,128,201,129,207,131,213,136,175,63,121,137,126,146,132,155,143,165,157,171,174,172,191,170,203,162,212,152,217,142,220,133,121,137,125,129,132,123,142,116,158,111,174,112,189,109,203,114,211,120,217,125,220,133,129,136,136,143,141,146,150,150,161,152,174,152,186,151,196,148,203,144,207,140,212,133,129,136,135,131,142,128,151,126,161,125,173,125,184,125,193,125,201,126,207,128,212,133,174,64,121,139,126,148,132,156,143,165,157,171,175,173,191,170,203,163,212,153,217,143,220,135,121,139,125,132,132,126,142,119,158,113,174,114,188,112,203,116,211,122,217,127,220,135,129,138,136,144,141,147,150,150,161,152,174,152,186,151,195,148,203,144,207,141,212,134,129,138,135,133,143,131,151,129,161,128,173,128,184,127,193,127,200,128,206,130,212,134,175,64,122,139,126,147,133,156,143,165,157,171,174,172,191,169,203,162,211,152,216,143,219,135,122,139,125,131,133,125,142,119,158,113,173,114,188,112,203,116,211,122,216,127,219,135,129,138,136,144,142,147,150,150,161,152,174,152,186,150,195,148,202,144,206,141,211,134,129,138,136,133,143,131,151,129,161,128,173,128,184,127,193,127,200,128,206,130,211,134,175,68,121,142,126,150,133,157,144,166,158,171,175,173,191,170,204,163,212,154,217,145,220,137,121,142,125,135,132,130,142,123,158,118,174,119,189,117,204,120,212,126,217,131,220,137,128,141,135,146,141,148,150,150,161,152,174,152,186,151,196,148,203,145,207,143,213,137,128,141,135,137,142,135,151,134,162,133,174,133,185,132,194,132,201,132,207,133,213,137,174,66,120,141,125,149,132,157,143,165,157,171,174,172,191,169,203,162,212,153,217,144,221,136,120,141,124,134,131,129,141,122,158,117,173,118,188,115,203,119,212,124,218,129,221,136,128,140,135,145,141,147,150,150,161,151,174,152,186,150,196,147,203,144,207,141,213,136,128,140,134,135,142,134,150,133,161,132,173,132,184,131,194,130,201,131,207,132,213,136,174,67,121,142,126,149,133,157,143,165,158,171,175,172,191,169,203,162,212,152,217,144,220,136,121,142,125,135,132,130,142,123,158,118,173,119,188,116,203,120,211,125,217,130,220,136,128,141,135,145,141,148,150,150,161,151,174,151,186,149,195,147,203,144,207,141,212,136,128,141,135,137,142,135,151,134,161,133,173,133,184,132,193,131,201,132,207,133,212,136,173,67,121,142,125,149,132,157,143,165,157,171,174,172,190,169,202,162,211,152,216,144,219,136,121,142,124,135,132,130,141,123,157,118,173,119,187,116,202,120,210,125,216,130,219,136,129,141,135,145,141,148,150,150,160,151,173,151,185,150,195,147,202,144,206,141,212,136,129,141,135,136,142,135,150,134,160,133,172,132,183,132,193,131,200,132,206,132,212,136,173,70,122,145,127,151,134,158,144,166,158,171,175,172,190,169,203,163,212,154,218,147,221,140,122,145,125,139,133,133,142,127,158,121,173,122,188,120,203,124,212,129,218,134,221,140,129,144,136,147,142,149,150,150,161,151,174,151,186,149,196,147,204,145,208,144,214,139,129,144,136,140,143,139,151,137,162,137,173,137,185,136,194,135,202,136,208,136,214,139
87,163,65,110,142,115,149,122,156,132,164,146,169,163,170,178,168,191,161,199,153,204,145,208,137,110,142,114,135,122,130,132,123,147,117,162,118,177,116,191,120,199,126,205,131,208,137,118,141,124,145,130,147,139,149,150,150,162,150,174,149,183,147,191,144,195,142,200,137,118,141,124,137,132,135,140,133,150,132,162,132,172,131,181,131,188,132,194,133,200,137,164,66,109,142,114,149,122,156,133,164,147,169,163,170,179,167,191,161,200,153,205,145,209,137,109,142,114,135,121,130,132,124,148,119,163,120,177,118,191,121,200,127,205,131,209,137,117,141,124,145,130,147,139,148,150,150,163,150,175,149,184,146,191,144,196,142,201,137,117,141,123,137,131,135,140,134,150,134,162,134,173,133,182,133,189,133,195,134,201,137,164,58,109,137,114,145,121,154,131,163,146,169,164,171,180,168,193,161,201,151,206,142,209,132,109,137,113,129,121,123,131,117,147,111,163,112,178,110,192,114,200,120,206,125,209,132,117,136,124,142,130,145,139,148,150,150,163,151,175,149,185,146,192,143,196,139,202,132,117,136,124,131,131,129,140,127,150,126,162,126,173,125,182,125,190,126,196,128,202,132,164,58,110,136,115,145,122,154,132,163,147,169,164,170,181,167,193,160,201,150,206,140,209,131,110,136,114,129,122,122,132,115,148,109,163,110,178,108,192,112,200,118,206,124,209,131,118,135,125,142,131,145,140,148,150,150,164,150,176,148,185,145,192,142,196,138,201,131,118,135,125,130,132,127,141,125,151,124,163,124,174,123,182,123,190,124,195,126,201,131,163,57,109,135,114,144,121,153,131,163,146,169,164,171,180,168,193,160,201,149,206,139,209,130,109,135,113,127,121,121,130,114,147,108,162,109,177,106,192,110,200,116,206,122,209,130,117,134,124,141,130,145,139,148,150,150,163,151,175,149,185,145,192,141,196,138,201,130,117,134,123,128,131,126,140,124,150,123,162,122,173,122,182,122,189,123,195,125,201,130,163,56,109,134,114,144,121,153,131,163,146,169,164,170,180,167,193,160,201,149,206,139,209,129,109,134,113,126,121,120,130,113,147,107,162,108,177,105,192,109,200,115,206,121,209,129,117,133,124,141,130,144,139,148,150,150,163,150,175,148,185,145,192,141,196,137,201,129,117,133,123,128,131,125,140,123,150,122,162,121,173,121,182,121,189,122,195,124,201,129,163,57,109,136,114,145,120,154,131,164,146,170,164,171,181,168,193,160,202,150,206,140,209,130,109,136,113,127,120,121,130,114,146,108,163,109,178,106,193,110,201,116,206,122,209,130,117,135,124,142,130,145,139,148,150,150,163,151,176,149,185,146,192,142,196,138,201,130,117,135,123,129,131,126,139,124,150,123,162,122,173,122,183,122,190,123,196,125,201,130,164,52,109,134,113,144,120,153,131,163,146,170,164,172,182,168,195,160,203,149,208,139,211,128,109,134,113,125,120,118,130,111,147,105,163,105,178,103,193,107,202,114,207,120,211,128,117,133,124,141,130,145,139,148,150,150,164,151,176,149,186,145,193,141,197,137,202,128,117,133,123,127,131,124,140,121,150,120,163,119,174,119,183,119,190,120,196,123,202,128,164,54,108,135,113,144,120,154,131,164,146,170,164,172,181,168,194,161,202,150,207,140,210,130,108,135,113,127,120,120,130,113,147,107,163,108,178,105,193,110,201,116,207,122,210,130,116,134,124,141,129,145,138,148,150,150,163,151,176,149,185,146,192,142,197,138,202,130,116,134,123,128,131,126,139,124,150,123,162,122,173,121,183,122,190,123,196,125,202,130,164,54,109,134,113,144,120,153,131,163,146,170,164,171,181,168,194,160,203,149,207,139,210,129,109,134,113,126,120,119,130,112,147,106,163,107,178,104,193,109,201,115,207,121,210,129,117,133,124,141,130,144,139,148,150,150,164,151,176,148,186,145,193,141,197,137,202,129,117,133,123,127,131,125,140,123,150,121,163,121,174,120,183,120,190,122,196,124,202,129,164,53,108,134,113,143,120,153,131,163,146,170,164,171,182,168,194,160,203,149,207,138,210,128,108,134,113,125,120,119,130,112,147,106,163,106,178,104,193,108,201,114,207,120,210,128,116,133,124,141,129,144,139,148,150,150,164,151,176,149,186,145,193,141,197,137,202,128,116,133,123,127,131,124,140,122,150,121,163,120,174,119,183,120,190,121,196,123,202,128,163,52,108,132,113,142,120,152,131,163,146,170,164,171,182,168,194,160,203,148,207,137,210,127,108,132,113,124,120,117,130,110,147,104,163,105,178,102,193,106,201,113,207,119,210,127,116,131,124,140,129,144,139,148,150,150,164,151,176,149,186,145,193,140,197,136,202,127,116,131,123,125,131,122,140,120,150,119,162,118,174,118,183,118,190,119,196,121,202,127,164,53,109,132,113,142,121,152,132,162,147,169,165,171,182,167,195,159,204,148,208,137,212,127,109,132,113,124,121,117,130,110,147,104,163,105,179,102,194,106,202,113,208,119,212,127,117,131,124,140,130,144,139,147,150,150,164,151,177,148,187,145,194,140,198,136,203,127,117,131,123,125,131,122,140,120,151,119,163,118,174,118,184,118,191,119,197,121,203,127,164,53,109,133,114,142,121,152,132,163,147,169,165,171,182,167,195,159,203,148,208,138,211,127,109,133,113,124,121,118,131,111,147,105,164,106,179,103,194,107,202,113,208,119,211,127,117,132,124,140,130,144,139,148,150,150,164,151,177,148,186,145,194,140,198,136,203,127,117,132,124,126,131,123,140,121,151,120,163,119,174,118,184,119,191,120,197,122,203,127,163,54,109,134,114,143,121,153,132,163,147,169,165,171,182,167,195,159,203,149,208,138,211,128,109,134,113,126,121,119,131,112,147,106,163,107,178,104,193,108,202,115,208,120,211,128,117,133,124,141,130,144,139,148,150,150,164,151,177,148,186,145,194,141,198,137,203,128,117,133,123,127,131,124,140,122,151,121,163,121,174,120,184,120,191,121,197,123,203,128,163,54,109,134,114,143,121,153,132,163,147,169,165,170,182,167,195,159,203,148,208,138,211,128,109,134,113,126,121,119,131,112,147,106,163,107,178,104,193,109,202,115,208,120,211,128,117,133,124,140,130,144,139,147,150,150,164,150,177,148,186,145,194,141,198,136,203,128,117,133,123,127,131,124,140,122,150,121,163,121,174,120,184,120,191,121,197,123,203,128,163,51,109,131,114,141,121,152,132,162,146,169,165,171,182,167,195,159,203,148,208,137,211,126,109,131,113,122,121,116,130,108,147,102,163,103,178,101,193,105,201,112,207,118,211,126,117,130,124,139,130,143,139,147,150,150,164,151,177,149,186,145,193,140,197,136,202,126,117,130,124,124,131,121,140,118,150,117,163,117,174,116,183,116,190,118,196,120,202,126,164,50,109,130,114,141,121,151,131,162,146,169,165,171,182,167,195,159,204,147,208,136,212,125,109,130,113,121,121,115,131,108,147,102,163,103,179,100,194,105,202,111,208,117,212,125,117,129,124,138,130,143,139,147,150,150,164,151,177,149,187,145,194,140,198,135,203,125,117,129,124,123,131,120,140,118,151,117,163,116,174,115,184,116,191,117,197,119,203,125,163,49,111,128,115,139,122,150,132,162,146,169,165,171,182,167,195,159,203,146,207,135,210,123,111,128,115,118,122,112,131,104,147,98,163,99,178,97,193,101,201,108,206,114,210,123,119,127,126,137,131,142,140,147,150,150,164,151,176,149,186,145,192,139,196,134,201,123,119,127,125,120,132,117,141,114,151,113,163,112,174,112,183,112,190,114,195,117,201,123,163,48,109,127,114,139,120,150,131,161,145,169,164,171,181,167,194,158,202,146,206,134,209,122,109,127,113,118,120,111,130,104,146,98,162,98,178,96,193,100,200,107,206,113,209,122,118,127,125,137,130,142,139,147,150,150,163,151,176,148,185,144,192,139,196,133,201,123,118,127,124,119,131,116,140,113,150,112,162,112,173,111,182,111,189,113,195,116,201,123,163,51,110,129,115,140,121,151,131,162,146,169,164,171,181,168,193,159,201,147,205,135,208,124,110,129,114,120,121,114,130,107,146,101,162,101,177,99,192,103,199,110,205,116,208,124,119,128,125,138,131,143,139,147,150,150,163,151,175,149,184,145,191,140,195,134,200,124,119,128,125,122,132,118,140,116,150,115,162,114,173,114,182,114,188,116,194,118,200,124,163,51,110,129,115,140,121,151,131,162,146,169,164,171,181,168,194,159,201,147,206,136,209,125,110,129,114,120,121,114,131,106,146,101,162,101,177,99,192,104,200,110,205,116,209,125,119,128,125,138,131,143,139,147,150,150,163,151,176,149,185,145,192,140,195,135,200,125,119,128,125,121,132,118,140,116,150,115,162,115,173,114,182,115,189,116,194,119,200,125,162,51,111,131,115,141,121,151,131,162,146,169,163,171,180,168,192,159,200,148,204,138,207,128,111,131,115,123,122,117,131,109,146,104,162,105,176,102,190,107,198,113,203,119,207,128,119,130,126,139,131,143,139,147,150,150,162,150,174,148,183,145,190,140,194,136,198,127,119,130,125,124,132,122,140,120,150,119,161,118,172,118,180,118,187,120,193,122,198,127,163,52,112,132,116,142,122,152,132,163,147,170,164,172,181,168,193,160,201,148,205,138,208,128,112,132,116,123,123,117,132,110,147,104,163,105,177,103,192,107,199,114,205,120,208,128,120,131,127,139,132,143,140,148,150,150,163,151,176,149,185,146,191,141,195,136,200,128,120,131,126,125,133,122,141,120,151,119,163,119,173,118,182,119,188,120,194,122,200,128,162,52,112,133,116,142,122,152,132,162,146,169,163,171,179,168,192,160,200,149,204,139,206,129,112,133,116,124,122,118,131,111,146,105,162,106,176,104,190,108,198,115,203,121,206,129,120,131,126,139,131,143,139,147,150,150,162,150,174,149,183,145,190,141,194,137,198,129,120,131,126,126,133,123,141,121,150,120,161,120,172,119,180,120,187,121,192,123,198,129,163,54,112,133,116,143,122,152,132,163,146,169,164,171,180,168,192,160,200,149,204,139,207,130,112,133,116,125,123,119,132,112,147,107,162,108,177,106,191,110,199,116,204,122,207,130,120,132,126,140,132,144,140,147,150,150,163,151,175,149,184,145,191,141,194,137,199,129,120,132,126,127,133,125,141,123,151,122,162,122,173,121,181,121,188,123,193,124,199,129,163,55,111,135,116,144,122,153,132,163,146,170,163,171,179,168,192,161,200,150,204,140,207,131,111,135,115,127,122,121,132,114,147,109,162,110,177,107,191,112,198,118,204,124,207,131,119,133,126,141,131,144,139,147,150,150,163,151,174,149,183,146,190,142,194,138,199,131,119,133,126,128,133,126,141,125,151,124,162,124,172,123,181,123,188,124,193,126,199,131,164,57,112,135,116,144,122,154,132,164,146,170,163,172,180,169,192,161,200,150,204,141,207,132,112,135,116,128,123,122,132,115,147,110,162,111,177,108,191,113,198,119,204,124,207,132,120,134,126,141,131,145,140,148,150,150,163,151,174,149,183,146,190,142,194,139,199,132,120,134,126,129,133,127,141,126,151,125,162,125,172,124,181,124,188,125,193,127,199,132,163,51,112,132,116,142,122,152,132,163,146,170,163,172,180,169,192,160,200,149,204,138,206,128,112,132,116,123,123,117,131,109,147,103,162,104,176,102,190,107,198,114,203,120,206,128,120,131,126,139,132,143,140,147,150,150,163,151,175,149,183,145,190,141,193,136,198,128,120,131,126,125,133,122,141,120,151,119,162,118,172,118,180,118,187,120,192,122,198,128,163,52,112,133,116,142,122,152,132,163,146,170,164,172,180,169,192,161,200,149,204,139,206,129,112,133,116,124,123,118,132,110,147,105,162,106,177,103,191,108,198,115,203,121,206,129,120,132,127,140,132,144,140,148,150,150,163,151,175,149,183,146,190,141,194,137,198,129,120,132,127,126,134,123,142,121,151,120,162,119,172,119,180,120,187,121,192,123,198,129,163,50,111,130,115,140,121,151,131,162,146,170,164,172,181,168,194,160,202,148,206,137,209,126,111,130,115,121,122,114,131,107,147,101,162,102,177,100,192,104,200,111,206,117,209,126,119,129,126,138,131,143,139,147,150,150,163,151,176,149,185,145,192,140,196,135,201,126,119,129,125,122,132,119,141,117,150,116,162,115,173,115,182,115,189,117,195,120,201,126,163,50,111,130,115,140,121,151,131,162,146,169,164,171,181,168,194,159,202,148,206,137,209,126,111,130,115,121,122,114,131,107,147,101,162,102,177,100,192,104,200,111,205,117,209,126,119,129,126,138,131,143,139,147,150,150,163,151,176,149,185,145,192,140,196,135,201,126,119,129,125,122,133,119,141,117,150,116,162,115,173,115,182,116,189,117,195,120,201,126,162,55,110,134,114,143,121,153,132,162,146,169,164,171,180,167,193,160,201,149,206,139,210,130,110,134,114,126,121,120,131,113,147,107,162,108,177,106,192,110,200,116,206,122,210,130,118,133,125,141,130,144,139,147,150,150,163,150,175,149,185,145,192,141,196,138,202,130,118,133,124,128,132,125,140,123,150,122,162,122,173,121,182,122,190,123,196,125,202,130,163,54,110,132,115,142,121,152,131,163,146,170,164,172,181,168,193,160,201,149,206,139,209,128,110,132,114,123,121,117,131,109,146,104,162,104,177,102,192,107,200,114,206,120,209,128,118,131,125,140,131,144,139,148,150,150,163,151,175,149,185,146,192,141,196,137,201,128,118,131,125,125,132,122,140,120,150,118,162,118,173,118,182,118,189,120,195,122,201,128,164,61,110,137,115,146,122,154,132,164,146,170,164,171,180,168,193,161,201,152,206,143,210,134,110,137,114,130,121,124,131,117,147,112,163,113,178,111,192,115,201,121,207,127,210,134,118,136,125,143,130,146,139,148,150,150,163,151,175,149,185,147,192,143,197,140,202,134,118,136,124,131,132,129,140,128,150,127,162,127,174,126,183,126,190,127,196,129,202,134,164,61,110,135,115,144,121,153,132,163,146,169,163,171,180,168,192,160,201,150,206,140,209,131,110,135,114,127,121,121,131,114,147,109,163,110,178,107,192,112,200,118,206,123,209,131,118,134,125,141,130,145,139,148,150,150,163,151,175,149,184,146,192,142,196,138,201,131,118,134,124,129,131,126,140,124,150,123,162,123,173,123,182,123,190,124,196,126,201,131,163,62,110,137,115,146,121,154,132,163,146,169,163,171,180,168,192,161,201,151,206,141,209,133,110,137,114,130,121,124,131,117,147,111,162,112,177,110,192,114,200,120,206,125,209,133,118,136,125,142,130,145,139,148,150,150,163,150,175,149,184,146,191,142,196,139,201,132,118,136,124,131,131,129,140,127,150,126,162,126,173,125,182,125,189,126,195,128,201,132,164,63,111,137,115,145,122,154,132,163,146,169,163,170,180,167,192,160,200,150,205,141,208,133,111,137,114,129,122,123,131,117,147,111,162,112,177,110,192,114,200,120,205,125,208,133,119,136,125,142,131,145,139,148,150,150,163,150,175,148,184,146,191,142,195,139,200,132,119,136,125,131,132,129,140,127,150,126,162,126,173,125,182,125,189,126,195,128,200,132,164,66,110,140,115,148,122,155,133,164,147,169,164,171,180,168,193,161,201,152,206,143,209,135,110,140,114,133,121,128,131,121,147,116,163,117,178,115,193,118,201,124,207,129,209,135,118,139,125,144,130,146,139,148,150,150,163,150,176,149,185,146,192,143,196,141,202,135,118,139,124,135,131,133,140,132,151,131,163,131,174,130,183,130,190,130,196,131,202,135,163,65,109,140,114,148,121,156,132,164,146,170,164,171,180,168,192,161,201,152,206,143,210,135,109,140,113,133,121,128,130,121,147,116,162,117,177,114,192,118,201,123,207,128,210,135,117,139,124,144,130,147,139,149,150,150,163,151,175,149,185,146,192,143,196,140,202,135,117,139,123,134,131,133,139,132,150,131,162,131,173,130,183,129,190,130,196,131,202,135,163,66,110,141,115,148,122,156,132,164,147,170,164,171,180,168,192,161,201,151,206,143,209,135,110,141,114,134,121,129,131,122,147,117,162,118,177,115,192,119,200,124,206,129,209,135,117,140,124,144,130,147,139,149,150,150,163,150,175,148,184,146,192,143,196,140,201,135,117,140,124,135,131,134,140,133,150,132,162,132,173,131,182,130,190,131,196,132,201,135,163,66,111,141,115,148,122,156,133,164,147,170,164,171,180,168,192,161,201,151,206,143,209,135,111,141,114,134,122,129,131,122,147,117,163,118,177,115,192,118,200,124,206,129,209,135,118,140,125,144,131,147,140,149,150,150,163,150,175,149,185,146,192,143,196,140,202,135,118,140,125,135,132,134,140,132,150,132,162,131,173,130,183,130,190,130,196,131,202,135,162,69,111,144,116,150,123,157,133,165,147,170,164,171,179,168,192,162,201,153,207,146,210,139,111,144,114,138,122,132,131,126,147,120,162,121,177,119,192,123,201,128,207,133,210,139,118,143,125,146,131,148,139,149,150,150,163,150,175,149,185,146,193,144,197,143,203,138,118,143,125,139,132,138,140,136,151,136,162,136,174,135,183,134,191,135,197,135,203,138
14,151,65,98,142,103,149,110,156,120,164,134,169,151,170,166,168,179,161,187,153,192,145,196,137,98,142,102,135,110,130,120,123,135,117,150,118,165,116,179,120,187,126,193,131,196,137,106,141,112,145,118,147,127,149,138,150,150,150,162,149,171,147,179,144,183,142,188,137,106,141,112,137,120,135,128,133,138,132,150,132,160,131,169,131,177,132,182,133,188,137,151,66,96,142,101,149,109,156,119,164,134,169,150,170,166,167,178,161,187,153,192,145,196,137,96,142,101,135,108,130,119,124,135,119,150,120,164,118,178,121,187,127,192,131,196,137,104,141,111,145,117,147,126,149,137,150,150,150,162,149,171,147,178,144,183,142,188,137,104,141,110,137,118,135,127,134,137,134,149,134,160,133,169,133,176,133,182,134,188,137,151,57,96,136,101,144,108,153,118,162,133,169,151,170,167,167,180,160,188,150,193,141,197,131,96,136,100,128,108,122,118,116,134,110,150,111,165,109,179,113,187,119,193,124,197,131,104,135,111,141,117,144,126,147,137,149,150,150,162,148,172,145,179,142,183,138,189,131,104,135,111,130,118,128,127,126,137,125,150,125,160,124,169,124,177,125,183,127,189,131,150,58,96,136,101,145,108,154,118,163,133,169,150,171,167,167,179,160,187,150,192,140,195,131,96,136,100,128,108,122,118,115,134,109,149,110,164,108,178,112,186,118,192,124,195,131,104,135,111,142,117,145,125,148,136,150,150,150,162,148,171,145,178,142,182,138,187,131,104,135,111,130,118,127,127,125,137,124,149,124,160,123,168,123,175,124,181,126,187,131,150,56,96,134,101,143,108,153,118,162,133,168,150,170,167,167,180,159,188,148,193,138,196,129,96,134,100,126,108,120,117,113,133,107,149,108,164,105,179,109,187,115,193,121,196,129,104,133,111,140,117,144,126,147,136,149,150,150,162,148,172,145,179,141,183,137,188,129,104,133,110,127,118,125,127,123,137,122,149,121,160,121,169,121,176,122,182,124,188,129,150,56,96,134,101,144,108,153,118,163,133,169,151,171,167,167,180,160,188,149,193,139,196,129,96,134,100,126,108,120,117,113,134,107,149,108,164,105,179,109,187,115,193,121,196,129,104,133,111,141,117,144,126,148,137,150,150,150,162,148,172,145,179,141,183,137,188,129,104,133,111,128,118,125,127,123,137,122,149,121,160,121,169,121,176,122,182,124,188,129,150,56,96,134,101,144,107,153,118,163,133,169,151,170,168,167,180,159,189,149,193,139,196,129,96,134,100,126,107,120,117,113,133,107,150,108,165,105,180,109,188,115,193,121,196,129,104,133,111,141,117,144,126,147,137,149,150,150,163,148,172,145,179,141,183,137,188,129,104,133,110,128,118,125,126,123,137,122,149,121,160,121,170,121,177,122,183,124,188,129,150,51,95,133,99,143,106,152,117,162,132,169,150,171,168,167,181,159,189,148,194,138,197,127,95,133,99,124,106,117,116,110,133,104,149,104,164,102,179,106,188,113,193,119,197,127,103,132,110,140,116,144,125,147,136,149,150,150,162,148,172,144,179,140,183,136,188,127,103,132,109,126,117,123,126,120,136,119,149,118,160,118,169,118,176,120,182,122,188,127,151,54,95,134,100,143,107,153,118,163,133,169,151,171,168,167,181,160,189,149,194,139,197,129,95,134,100,126,107,119,117,112,133,106,150,107,165,104,180,109,188,115,194,121,197,129,103,133,111,140,116,144,125,147,137,149,150,150,163,148,172,145,179,141,184,137,189,129,103,133,110,127,118,125,126,123,137,122,149,121,160,120,170,121,177,122,183,124,189,129,150,53,95,133,99,143,106,152,117,162,132,169,150,170,167,167,180,159,189,148,193,138,196,128,95,133,99,125,106,118,116,111,133,105,149,106,164,103,179,108,187,114,193,120,196,128,103,132,110,140,116,143,125,147,136,149,150,150,162,148,172,144,179,140,183,136,188,128,103,132,110,126,117,124,126,122,136,120,149,120,160,119,169,119,176,121,182,123,188,128,150,52,94,133,99,142,106,152,117,162,132,169,150,170,168,167,180,159,189,148,193,137,196,127,94,133,99,124,106,118,116,111,133,105,149,105,164,103,179,107,187,113,193,119,196,127,102,132,110,139,115,143,125,147,136,149,150,150,162,147,172,144,179,140,183,136,188,127,102,132,109,126,117,123,126,121,136,120,149,119,160,119,169,119,176,120,182,122,188,127,149,51,94,131,99,141,106,151,117,162,132,169,150,170,168,167,180,159,189,147,193,136,196,126,94,131,99,123,106,116,116,109,133,103,149,104,164,101,179,105,187,112,193,118,196,126,102,130,110,139,115,143,125,147,136,149,150,150,162,148,172,144,179,139,183,135,188,126,102,130,109,124,117,121,126,119,136,118,148,117,160,117,169,117,176,118,182,120,188,126,150,52,95,131,100,141,107,151,118,161,133,168,151,170,168,166,181,158,190,147,194,136,198,126,95,131,99,123,107,116,117,109,133,103,149,104,165,101,180,106,188,112,194,118,198,126,103,130,110,139,116,143,125,146,136,149,150,150,163,147,173,144,180,139,184,135,189,126,103,130,109,124,117,121,126,119,137,118,149,117,160,117,170,117,177,118,183,120,189,126,150,52,95,132,100,141,107,151,118,162,133,168,151,170,168,166,181,158,189,147,194,137,197,126,95,132,99,123,107,117,117,110,133,104,150,105,165,102,180,106,188,112,194,118,197,126,103,131,110,139,116,143,125,147,136,149,150,150,163,148,172,144,180,139,184,135,189,126,103,131,110,125,117,122,126,120,137,119,149,118,160,117,170,118,177,119,183,121,189,126,149,53,95,133,100,142,107,152,118,162,133,168,151,170,168,166,181,158,189,148,194,137,197,127,95,133,99,125,107,118,117,111,133,105,149,106,164,103,179,107,188,114,194,119,197,127,103,132,110,140,116,143,125,147,136,149,150,150,163,147,172,144,180,140,184,136,189,127,103,132,110,126,117,123,126,121,137,120,149,120,160,119,170,119,177,120,183,122,189,127,149,54,95,134,100,143,107,153,118,163,133,169,151,170,168,167,181,159,189,148,194,138,197,128,95,134,99,125,107,119,117,112,133,106,149,107,164,104,179,108,188,115,194,120,197,128,103,133,110,140,116,144,125,147,136,150,150,150,163,148,172,145,180,141,184,136,189,128,103,133,109,127,117,124,126,122,136,121,149,121,160,120,170,120,177,121,183,123,189,128,149,50,95,130,100,140,107,151,117,161,132,168,151,170,168,167,181,158,189,147,194,136,197,125,95,130,99,121,107,115,116,107,133,101,149,102,164,100,179,104,187,111,193,117,197,125,103,129,110,138,116,142,125,146,136,149,150,150,163,148,172,144,179,139,183,135,188,125,103,129,110,123,117,120,126,117,136,116,149,116,160,115,169,116,176,117,182,120,188,125,150,49,95,129,100,140,107,150,118,161,132,168,151,170,168,167,181,158,190,146,194,135,198,124,95,129,99,120,107,114,117,107,133,101,149,102,165,100,180,104,188,110,194,116,198,124,103,128,110,138,116,142,125,146,136,149,150,150,163,148,173,144,180,139,184,134,189,124,103,128,110,122,117,119,126,117,137,116,149,115,160,115,170,115,177,116,183,118,189,124,149,48,97,127,101,138,108,149,118,161,132,168,150,170,168,166,181,158,189,145,193,134,196,122,97,127,101,117,108,111,117,103,133,98,149,98,164,96,179,100,187,107,192,113,196,122,105,126,112,136,117,141,126,146,136,149,150,150,162,148,172,144,178,138,182,133,187,122,105,126,111,119,118,116,127,113,137,112,149,111,160,111,169,111,176,113,181,116,187,122,150,47,96,126,101,138,107,149,118,161,132,168,151,170,168,166,181,157,189,145,193,133,196,121,96,126,100,117,107,110,117,103,133,97,149,97,165,95,180,99,187,106,193,112,196,121,105,125,112,136,117,141,126,146,136,149,150,150,163,147,172,143,179,138,183,132,188,122,105,125,111,118,118,115,127,112,137,111,149,111,160,110,169,110,176,112,182,115,188,122,150,50,97,128,102,139,108,150,118,161,133,169,151,170,168,167,180,158,188,146,192,134,195,123,97,128,101,119,108,113,117,106,133,100,149,100,164,98,179,102,186,109,192,115,195,123,106,127,112,137,118,142,126,146,137,149,150,150,162,148,171,144,178,139,182,133,187,123,106,127,112,120,119,117,127,115,137,114,149,113,160,113,168,113,175,115,181,117,187,123,150,50,97,128,102,139,108,150,118,161,133,168,151,170,168,167,181,158,188,146,193,135,196,124,97,128,101,119,108,113,118,105,133,100,149,100,164,98,179,103,187,109,192,115,196,124,106,127,112,137,118,141,126,146,137,149,150,150,163,148,172,144,178,139,182,134,187,124,106,127,112,120,119,117,127,115,137,114,149,114,160,113,169,114,176,115,181,118,187,124,150,52,99,131,103,141,109,151,119,162,134,169,151,171,168,168,180,159,188,148,192,138,195,128,99,131,103,123,110,117,119,109,134,104,150,105,164,103,178,107,186,113,191,119,195,128,107,130,114,139,119,143,127,147,138,149,150,150,163,148,171,145,178,140,182,136,186,127,107,130,113,124,120,122,128,120,138,119,149,118,160,118,168,118,175,120,181,122,186,127,150,51,99,131,103,141,109,151,119,162,133,169,151,171,168,167,180,159,188,148,192,137,195,127,99,131,103,122,110,116,119,109,134,103,150,104,164,102,179,106,186,113,192,119,195,127,107,130,114,138,119,143,127,147,137,149,150,150,163,148,172,145,178,140,182,135,187,127,107,130,113,124,120,121,128,119,138,118,149,118,160,117,169,118,175,119,181,121,187,127,150,51,100,132,104,141,110,151,120,161,134,168,151,170,167,167,180,159,188,148,192,138,194,128,100,132,104,123,110,117,119,110,134,104,150,105,164,103,178,107,186,114,191,120,194,128,108,130,114,138,119,142,127,146,138,149,150,150,162,148,171,144,178,140,181,136,186,128,108,130,114,125,121,122,129,120,138,119,149,119,160,118,168,119,175,120,180,122,186,128,150,53,99,132,103,142,109,151,119,162,133,168,151,170,167,167,179,159,187,148,191,138,194,129,99,132,103,124,110,118,119,112,134,106,149,107,164,105,178,109,186,115,191,121,194,129,107,131,113,139,119,143,127,146,137,149,150,150,162,148,171,144,178,140,181,136,186,128,107,131,113,126,120,124,128,122,138,121,149,121,160,120,168,120,175,122,180,123,186,128,150,54,98,134,103,143,109,152,119,162,133,169,150,170,167,167,179,160,187,149,191,139,194,130,98,134,102,126,110,120,119,113,134,108,149,109,164,106,178,111,185,117,191,122,194,130,106,132,113,140,118,143,126,147,137,149,150,150,162,148,171,145,177,141,181,137,186,130,106,132,113,127,120,125,128,124,138,123,149,123,159,122,168,122,175,123,180,125,186,130,151,56,99,134,103,143,109,153,119,163,133,169,150,171,166,168,179,160,187,149,191,140,194,131,99,134,103,127,110,121,119,114,134,109,149,110,164,107,178,112,185,118,191,123,194,131,107,133,113,140,118,144,127,147,137,149,150,150,161,148,170,145,177,141,181,138,186,131,107,133,113,128,120,126,128,125,138,124,149,124,159,123,168,123,175,124,180,126,186,131,150,50,99,131,103,141,109,151,119,162,133,169,150,171,167,168,179,159,187,148,191,137,193,127,99,131,103,122,110,116,119,108,134,102,149,103,163,101,177,106,185,113,190,119,193,127,107,130,113,138,119,142,127,146,137,149,150,150,162,148,170,144,177,140,180,135,185,127,107,130,113,124,120,121,128,119,138,118,149,117,159,117,167,117,174,119,179,121,185,127,150,51,99,132,103,141,109,151,119,162,133,169,151,171,167,168,179,160,187,148,191,138,193,128,99,132,103,123,110,117,119,109,134,104,149,105,164,102,178,107,185,114,190,120,193,128,107,131,114,139,119,143,127,147,137,149,150,150,162,148,170,145,177,140,181,136,185,128,107,131,114,125,121,122,129,120,138,119,149,119,159,118,167,119,174,120,179,122,185,128,150,49,98,129,102,139,108,150,118,161,133,169,151,170,168,167,181,159,189,147,193,136,196,125,98,129,102,120,109,113,118,106,134,100,149,101,165,99,179,103,187,110,193,116,196,125,106,128,113,137,118,142,126,146,137,149,150,150,163,148,172,144,179,139,183,134,188,125,106,128,112,121,120,118,128,116,138,115,149,114,160,114,169,114,176,116,182,119,188,125,150,49,98,129,102,139,108,150,118,161,133,168,151,170,168,167,181,158,189,147,193,136,196,125,98,129,102,120,109,113,118,106,134,100,149,101,164,99,179,103,187,110,192,116,196,125,106,128,113,137,118,142,126,146,137,149,150,150,163,148,172,144,179,139,183,134,188,125,106,128,112,121,120,118,128,116,137,115,149,114,160,114,169,115,176,116,182,119,188,125,150,55,97,134,102,143,108,153,119,163,133,169,151,171,167,168,180,160,189,149,193,140,197,130,97,134,101,126,108,120,118,113,134,107,149,108,164,106,179,110,187,116,193,122,197,130,105,133,112,141,117,144,126,147,137,150,150,150,162,149,172,145,179,141,183,138,189,130,105,133,111,128,119,125,127,123,137,122,149,122,160,121,169,122,177,123,183,125,189,130,150,53,97,131,102,141,108,151,118,162,133,169,151,171,168,167,180,159,188,148,193,138,196,127,97,131,101,122,108,116,118,108,133,103,149,103,164,101,179,106,187,113,193,119,196,127,105,130,112,139,118,143,126,147,137,149,150,150,162,148,172,145,179,140,183,136,188,127,105,130,112,124,119,121,127,119,137,117,149,117,160,117,169,117,176,119,182,121,188,127,151,60,97,136,102,145,109,153,119,163,133,169,151,170,167,167,180,160,188,150,193,141,197,133,97,136,101,129,108,123,118,116,134,111,150,112,165,110,179,114,188,120,194,126,197,133,105,135,112,142,117,144,126,147,137,149,150,150,162,148,172,146,179,142,184,139,189,133,105,135,111,130,119,128,127,127,137,126,149,126,161,125,170,125,177,126,183,128,189,133,151,60,97,134,102,143,108,152,119,162,133,168,150,170,167,167,179,159,188,149,193,139,196,130,97,134,101,126,108,120,118,113,134,108,150,109,165,106,179,111,187,117,193,122,196,130,105,133,112,140,117,144,126,147,137,149,150,150,162,148,171,145,179,141,183,137,188,130,105,133,111,128,118,125,127,123,137,122,149,122,160,121,169,122,177,123,183,125,188,130,150,62,97,137,102,146,108,154,119,163,133,169,150,171,167,168,179,161,188,151,193,141,196,133,97,137,101,130,108,124,118,117,134,111,149,112,164,110,179,114,187,120,193,125,196,133,105,136,112,142,117,145,126,148,137,150,150,150,162,149,171,146,179,142,183,139,188,132,105,136,111,131,118,129,127,127,137,126,149,126,160,125,169,125,176,126,182,128,188,132,151,63,98,137,102,145,109,154,119,163,133,169,150,170,167,167,179,160,187,150,192,141,195,133,98,137,101,129,109,123,118,117,134,111,149,112,164,110,179,114,187,120,192,125,195,133,106,136,112,142,118,145,126,148,137,150,150,150,162,148,171,146,178,142,182,139,187,132,106,136,112,131,119,129,127,127,137,126,149,126,160,125,169,125,176,126,182,128,187,132,151,66,97,140,102,148,109,155,120,164,134,169,151,171,167,168,180,161,188,152,193,143,196,135,97,140,101,133,108,128,118,121,134,116,150,117,165,115,180,118,188,124,194,129,196,135,105,139,111,144,117,146,126,148,137,150,150,150,163,149,172,146,179,143,183,141,189,135,105,139,111,135,118,133,127,132,138,131,150,131,161,130,170,130,177,130,183,131,189,135,150,64,96,139,101,147,108,155,119,163,133,169,150,170,167,167,179,160,188,151,193,142,197,134,96,139,100,132,108,127,117,120,134,115,149,116,164,113,179,117,188,122,194,127,197,134,104,138,111,143,117,145,126,148,137,149,150,150,162,148,172,145,179,142,183,139,189,134,104,138,110,133,118,132,126,131,137,130,149,130,160,129,170,128,177,129,183,130,189,134,150,66,97,141,102,148,109,156,119,164,134,170,151,171,167,168,179,161,188,151,193,143,196,135,97,141,100,134,108,129,118,122,134,117,149,118,164,115,179,119,187,124,193,129,196,135,104,140,111,144,117,147,126,149,137,150,150,150,162,148,171,146,179,143,183,140,188,135,104,140,111,136,118,134,127,133,137,132,149,132,160,131,169,130,177,131,183,132,188,135,150,66,98,141,102,148,109,156,120,164,134,170,151,171,167,168,179,161,188,151,193,143,196,135,98,141,101,134,109,129,118,122,134,117,150,118,164,115,179,119,187,124,193,129,196,135,106,140,112,144,118,147,127,149,137,150,150,150,162,149,172,146,179,143,183,140,189,135,106,140,112,135,119,134,127,133,137,132,149,131,160,131,170,130,177,131,183,131,189,135,149,69,98,144,103,150,110,157,120,165,134,170,151,171,166,168,179,162,188,153,194,146,197,139,98,144,102,138,109,132,118,126,134,120,149,121,164,119,179,123,188,128,194,133,197,139,105,143,112,146,118,148,126,149,137,150,150,150,162,148,172,146,180,144,184,143,190,138,105,143,112,139,119,138,127,136,138,136,149,136,161,135,170,134,178,135,184,135,190,138
317,139,66,86,143,91,150,98,157,108,165,122,170,139,171,154,169,167,162,175,154,180,146,184,138,86,143,90,136,98,131,108,124,123,118,138,119,153,117,167,121,175,127,181,132,184,138,94,142,100,146,106,148,115,150,126,151,138,151,150,150,159,148,167,145,171,143,176,138,94,142,100,138,108,136,116,134,126,133,138,133,148,132,157,132,165,133,170,134,176,138,139,67,84,143,89,150,97,157,107,165,122,170,138,171,154,168,166,162,175,154,180,146,183,138,84,143,89,136,96,131,107,125,123,120,138,121,152,119,166,122,175,128,180,133,183,138,92,142,99,146,105,148,114,149,125,151,138,151,150,150,159,148,166,145,171,143,176,138,92,142,98,138,106,136,115,135,125,135,137,135,148,134,157,134,164,134,170,135,176,138,139,60,84,138,89,146,96,155,107,164,121,170,139,172,155,169,168,162,176,152,181,143,184,133,84,138,88,130,96,124,106,118,122,112,138,113,153,111,167,115,175,121,181,126,184,133,92,137,99,143,105,146,114,149,125,151,138,152,150,150,160,147,167,144,171,140,177,133,92,137,99,132,106,130,115,128,125,127,137,127,148,126,157,126,165,127,171,129,177,133,138,60,84,138,89,147,96,156,106,165,121,171,138,172,155,169,167,162,175,152,180,142,183,133,84,138,88,130,96,124,106,117,122,111,137,112,152,110,166,114,174,120,180,126,183,133,92,137,99,144,105,147,114,150,124,152,138,152,150,150,159,147,166,144,170,140,175,133,92,137,99,132,106,129,115,127,125,126,137,126,148,125,157,125,164,126,169,128,175,133,138,58,84,136,89,145,96,154,106,164,121,170,139,172,155,169,168,161,176,150,181,140,184,131,84,136,88,128,96,122,105,115,122,109,137,110,152,107,167,111,175,117,181,123,184,131,92,135,99,142,105,146,114,149,125,151,138,152,150,150,160,146,167,142,171,139,176,131,92,135,98,129,106,127,115,125,125,124,137,123,148,123,157,123,164,124,170,126,176,131,138,58,84,136,89,146,96,155,106,165,121,171,139,172,155,169,168,161,176,151,181,141,184,131,84,136,88,128,96,122,105,115,122,109,137,110,152,107,167,111,175,117,181,123,184,131,92,135,99,143,105,146,114,150,125,152,138,152,150,150,160,147,167,143,171,139,176,131,92,135,99,130,106,127,115,125,125,124,137,123,148,122,157,123,164,124,170,126,176,131,137,58,83,136,87,146,94,155,105,165,120,171,138,172,155,169,167,161,176,151,180,141,183,131,83,136,87,128,94,122,104,115,120,109,137,109,152,107,167,111,175,117,180,123,183,131,91,135,98,143,104,146,113,149,124,152,137,152,150,150,159,147,166,143,170,139,175,131,91,135,97,130,105,127,113,125,124,124,136,123,147,123,157,123,164,124,170,126,175,131,138,53,82,135,87,145,94,154,105,165,120,171,138,173,156,169,169,161,177,150,182,140,185,129,82,135,87,126,94,119,104,112,121,106,137,106,152,104,167,108,176,115,181,121,185,129,91,134,98,142,104,146,113,149,124,151,138,152,150,150,160,146,167,142,171,138,176,129,91,134,97,128,105,125,114,122,124,121,137,120,148,120,157,120,164,121,170,124,176,129,138,55,82,136,87,145,94,155,105,165,120,171,138,173,155,169,168,162,176,151,181,141,184,131,82,136,87,128,94,121,104,114,121,108,137,109,152,106,167,111,175,117,181,123,184,131,90,135,98,142,103,146,112,149,124,151,137,152,150,150,159,147,166,143,171,139,176,131,90,135,97,129,105,127,113,125,124,124,136,123,147,122,157,123,164,124,170,126,176,131,138,55,83,135,87,145,94,154,105,164,120,171,138,172,155,169,168,161,177,150,181,140,184,130,83,135,87,127,94,120,104,113,121,107,137,108,152,105,167,110,175,116,181,122,184,130,91,134,98,142,104,145,113,149,124,151,138,152,150,150,160,146,167,142,171,138,176,130,91,134,97,128,105,126,114,124,124,122,137,122,148,121,157,121,164,123,170,125,176,130,138,55,82,136,87,145,94,155,105,165,120,172,138,173,156,170,168,162,177,151,181,140,184,130,82,136,87,127,94,121,104,114,121,108,137,108,152,106,167,110,175,116,181,122,184,130,90,135,97,142,103,146,113,150,124,152,138,153,150,150,160,147,167,143,171,139,176,130,90,135,97,129,105,126,114,124,124,123,137,122,148,122,157,122,164,123,170,125,176,130,137,53,82,133,87,143,94,153,105,164,120,171,138,172,156,169,168,161,177,149,181,138,184,128,82,133,87,125,94,118,104,111,121,105,137,106,152,103,167,107,175,114,181,120,184,128,90,132,98,141,103,145,113,149,124,151,138,152,150,150,160,146,167,141,171,137,176,128,90,132,97,126,105,123,114,121,124,120,136,119,148,119,157,119,164,120,170,122,176,128,137,55,82,134,87,144,94,154,105,164,120,171,138,173,155,169,168,161,177,150,181,139,185,129,82,134,86,126,94,119,104,112,120,106,136,107,152,104,167,108,175,115,181,121,185,129,90,133,97,142,103,146,112,149,123,152,137,153,150,150,160,147,167,142,171,138,176,129,90,133,96,127,104,124,113,122,124,121,136,120,147,120,157,120,164,121,170,123,176,129,137,54,82,134,87,143,94,153,105,164,120,170,138,172,155,168,168,160,176,149,181,139,184,128,82,134,86,125,94,119,104,112,120,106,137,107,152,104,167,108,175,114,181,120,184,128,90,133,97,141,103,145,112,149,123,151,137,152,150,150,159,146,167,141,171,137,176,128,90,133,97,127,104,124,113,122,124,121,136,120,147,119,157,120,164,121,170,123,176,128,136,56,82,136,87,145,94,155,105,165,120,171,138,173,155,169,168,161,176,151,181,140,184,130,82,136,86,128,94,121,104,114,120,108,136,109,151,106,166,111,175,117,181,122,184,130,90,135,97,143,103,146,112,150,123,152,137,152,150,150,159,147,167,143,171,139,176,130,90,135,97,129,104,126,113,124,124,123,136,123,147,122,157,122,164,123,170,125,176,130,136,56,82,136,87,145,94,155,105,165,120,171,138,173,155,169,168,161,176,150,181,140,184,130,82,136,86,127,94,121,104,114,120,108,136,109,152,106,166,110,175,117,181,122,184,130,90,135,97,142,103,146,112,150,123,152,137,152,150,150,159,147,167,143,171,139,176,130,90,135,96,129,104,126,113,124,124,123,136,122,147,122,157,122,164,123,170,125,176,130,136,52,82,132,87,142,94,153,104,163,119,170,138,172,155,169,168,160,176,149,181,138,184,127,82,132,86,123,94,117,103,109,120,104,136,104,151,102,166,106,174,113,180,119,184,127,90,131,97,140,103,144,112,148,123,151,137,152,150,150,159,146,166,141,170,137,175,128,90,131,97,125,104,122,113,119,123,118,136,118,147,117,156,118,163,119,169,122,175,128,137,51,82,131,87,142,94,152,105,163,119,170,138,172,155,169,168,160,177,148,181,137,185,126,82,131,86,122,94,116,104,109,120,103,136,104,152,102,167,106,175,112,181,118,185,126,90,130,97,140,103,144,112,148,123,151,137,152,150,150,160,146,167,141,171,136,176,126,90,130,97,124,104,121,113,119,124,118,136,117,147,117,157,117,164,118,170,120,176,126,137,50,85,129,89,140,95,151,106,163,120,170,138,172,156,168,169,160,176,147,181,136,184,124,85,129,89,119,96,113,105,105,121,99,137,100,152,98,167,102,175,109,180,115,184,124,93,128,100,138,105,143,114,148,124,151,138,152,150,150,160,146,166,140,170,135,175,124,93,128,99,121,106,118,115,115,125,114,137,113,148,113,157,113,164,115,169,118,175,124,137,50,83,129,88,141,94,152,105,164,119,171,138,173,155,169,168,160,176,148,180,136,183,124,83,129,87,120,94,113,104,106,120,100,136,100,152,98,167,102,174,109,180,115,183,124,92,128,99,139,104,144,113,149,123,152,137,153,150,150,159,146,166,141,170,135,175,125,92,128,98,121,105,118,114,115,124,114,136,114,147,113,156,113,163,115,169,118,175,125,138,52,85,130,90,141,96,152,106,163,121,171,139,172,156,169,168,160,176,148,180,136,183,125,85,130,89,121,96,115,105,108,121,102,137,102,152,100,167,104,174,111,180,117,183,125,94,129,100,139,106,144,114,148,125,151,138,152,150,150,159,146,166,141,170,135,175,125,94,129,100,122,107,119,115,117,125,116,137,115,148,115,157,115,163,117,169,119,175,125,137,52,84,130,89,141,95,152,105,163,120,170,138,172,155,169,168,160,175,148,180,137,183,126,84,130,88,121,95,115,105,107,120,102,136,102,151,100,166,105,174,111,179,117,183,126,93,129,99,139,105,143,113,148,124,151,137,152,150,150,159,146,165,141,169,136,174,126,93,129,99,122,106,119,114,117,124,116,136,116,147,115,156,116,163,117,168,120,174,126,138,54,87,133,91,143,97,153,107,164,122,171,139,173,156,170,168,161,176,150,180,140,183,130,87,133,91,125,98,119,107,111,122,106,138,107,152,104,166,109,174,115,179,121,183,130,95,132,102,141,107,145,115,149,126,151,138,152,150,150,159,147,166,142,170,138,174,129,95,132,101,126,108,124,116,122,126,121,137,120,148,120,156,120,163,122,169,124,174,129,137,53,86,133,90,143,96,153,106,164,121,171,138,173,155,169,167,161,175,149,179,139,182,129,86,133,90,124,97,118,106,111,121,105,137,106,151,104,166,108,173,115,179,121,182,129,94,132,101,140,106,144,114,149,124,151,137,152,150,150,159,147,165,142,169,137,174,129,94,132,100,126,107,123,115,121,125,120,137,120,147,119,156,120,162,121,168,123,174,129,138,53,88,134,92,143,98,153,108,163,122,170,139,172,155,169,168,161,176,150,180,140,182,130,88,134,92,125,98,119,107,112,122,106,138,107,152,105,166,109,174,116,179,122,182,130,96,132,102,140,107,144,115,148,126,151,138,151,150,150,159,146,166,142,170,138,174,130,96,132,102,127,109,124,117,122,126,121,137,121,148,120,156,121,163,122,168,124,174,130,138,55,87,134,91,144,97,153,107,164,121,170,139,172,155,169,167,161,175,150,179,140,182,131,87,134,91,126,98,120,107,114,122,108,137,109,152,107,166,111,174,117,179,123,182,131,95,133,101,141,107,145,115,148,125,151,138,152,150,150,159,146,166,142,169,138,174,130,95,133,101,128,108,126,116,124,126,123,137,123,148,122,156,122,163,124,168,125,174,130,138,56,86,136,91,145,97,154,107,164,121,171,138,172,155,169,167,162,175,151,179,141,182,132,86,136,90,128,98,122,107,115,122,110,137,111,152,108,166,113,173,119,179,124,182,132,94,134,101,142,106,145,114,149,125,151,138,152,150,150,159,147,165,143,169,139,174,132,94,134,101,129,108,127,116,126,126,125,137,125,147,124,156,124,163,125,168,127,174,132,140,58,88,136,92,145,98,155,108,165,122,171,139,173,155,170,168,162,176,151,180,142,183,133,88,136,92,129,99,123,108,116,123,111,138,112,153,109,167,114,174,120,180,125,183,133,96,135,102,142,107,146,116,149,126,151,139,152,150,150,159,147,166,143,170,140,175,133,96,135,102,130,109,128,117,127,127,126,138,126,148,125,157,125,164,126,169,128,175,133,138,52,87,133,91,143,97,153,107,164,121,171,138,173,155,170,167,161,175,150,179,139,181,129,87,133,91,124,98,118,107,110,122,104,137,105,151,103,165,108,173,115,178,121,181,129,95,132,101,140,107,144,115,148,125,151,138,152,150,150,158,146,165,142,168,137,173,129,95,132,102,126,108,123,116,121,126,120,137,119,147,119,155,119,162,121,167,123,173,129,138,53,87,134,91,143,97,153,107,164,121,171,139,173,155,170,167,162,175,150,179,140,181,130,87,134,91,125,98,119,107,112,122,106,137,107,152,104,166,109,173,116,178,122,181,130,95,133,102,141,107,145,115,149,125,151,138,152,150,150,158,147,165,142,169,138,173,130,95,133,102,127,109,124,116,122,126,121,137,121,147,120,155,121,162,122,167,124,173,130,137,51,85,131,89,141,95,152,105,163,120,171,138,173,155,169,168,161,176,149,180,138,183,127,85,131,89,122,96,115,105,108,121,102,136,103,152,101,166,105,174,112,180,118,183,127,93,130,100,139,105,144,113,148,124,151,137,152,150,150,159,146,166,141,170,136,175,127,93,130,99,123,107,120,115,118,125,117,136,116,147,116,156,116,163,118,169,121,175,127,137,51,85,131,89,141,95,152,105,163,120,170,138,172,155,169,168,160,176,148,180,138,183,127,85,131,89,122,96,115,105,108,120,102,136,103,151,101,166,105,174,112,179,118,183,127,93,130,100,139,105,144,113,148,124,151,137,152,150,150,159,146,166,141,170,136,175,127,93,130,99,123,106,120,115,118,124,117,136,117,147,116,156,117,163,118,169,121,175,127,137,57,85,136,89,145,96,155,107,164,121,171,139,172,155,169,168,162,176,151,181,141,185,132,85,136,89,128,96,122,106,115,122,109,137,110,152,108,167,112,175,118,181,124,185,132,93,135,100,143,105,146,114,149,125,152,138,152,150,150,160,147,167,143,171,139,177,132,93,135,99,130,107,127,115,125,125,124,137,124,148,123,157,123,164,125,171,127,177,132,138,55,85,133,90,143,96,153,106,164,121,171,139,173,156,169,168,161,176,150,181,140,184,129,85,133,89,124,96,118,106,110,121,105,137,105,152,103,167,108,175,115,181,121,184,129,93,132,100,141,106,145,114,149,125,151,138,152,150,150,160,147,167,142,171,138,176,129,93,132,100,126,107,123,115,121,125,119,137,119,148,119,157,119,164,121,170,123,176,129,139,62,85,138,90,147,97,155,107,165,121,171,139,172,155,169,168,162,176,153,181,144,185,135,85,138,89,131,96,125,106,118,122,113,138,114,153,112,167,116,176,122,182,128,185,135,93,137,100,144,105,147,114,149,125,151,138,152,150,150,160,148,167,144,172,141,177,135,93,137,99,132,107,130,115,129,126,128,137,128,149,127,158,127,165,128,171,130,177,135,139,62,85,136,90,145,96,154,107,164,121,170,138,172,155,169,167,161,176,151,181,141,184,132,85,136,89,128,96,122,106,115,122,110,138,111,153,108,167,113,175,119,181,124,184,132,93,135,100,142,105,145,114,149,125,151,138,152,150,150,159,147,167,143,171,139,176,132,93,135,99,130,106,127,115,125,125,124,137,124,148,124,157,124,165,125,171,127,176,132,138,63,85,138,90,147,96,155,107,164,121,170,139,172,155,169,167,162,176,152,181,142,184,134,85,138,89,131,96,125,106,118,122,112,138,113,152,111,167,115,175,121,181,126,184,134,93,137,100,143,105,146,114,149,125,151,138,151,150,150,159,147,167,143,171,140,176,133,93,137,99,132,107,130,115,128,125,127,137,127,148,126,157,126,164,127,170,129,176,133,139,65,86,139,90,147,97,156,107,165,121,171,138,172,155,169,167,162,175,152,180,143,183,135,86,139,89,131,97,126,106,119,122,113,137,114,152,112,167,116,175,122,180,127,183,135,94,138,100,144,106,147,114,150,125,152,138,152,150,150,159,148,166,144,170,141,175,134,94,138,100,133,107,131,115,129,125,128,137,128,148,127,157,127,164,128,170,130,175,134,139,67,85,141,90,149,97,156,108,165,122,170,139,172,155,169,168,162,176,153,181,144,184,136,85,141,89,134,96,129,106,122,122,117,138,118,153,116,168,119,176,125,182,130,184,136,93,140,99,145,105,147,114,149,125,151,138,151,150,150,160,147,167,144,171,142,177,136,93,140,99,136,106,134,115,133,126,132,138,132,149,131,158,131,165,131,171,132,177,136,138,66,84,141,89,149,96,157,107,165,121,171,138,172,155,169,167,162,176,153,181,144,185,136,84,141,88,134,95,129,105,122,122,117,137,118,152,115,167,119,176,124,182,129,185,136,92,140,99,145,105,148,114,150,125,151,138,152,150,150,160,147,167,144,171,141,177,136,92,140,98,135,106,134,114,133,125,132,137,132,148,131,158,130,165,131,171,132,177,136,138,68,85,143,90,150,97,158,107,166,122,172,139,173,155,170,167,163,176,153,181,145,184,137,85,143,89,136,96,131,106,124,122,119,137,120,152,117,167,121,175,126,181,131,184,137,92,142,99,146,105,149,114,151,125,152,138,152,150,150,159,148,167,145,171,142,176,137,92,142,99,138,106,136,115,135,125,134,137,134,148,133,157,132,165,133,171,134,176,137,138,67,86,142,90,149,97,157,108,165,122,171,139,172,155,169,167,162,176,152,181,144,184,136,86,142,89,135,97,130,106,123,122,118,138,119,152,116,167,120,175,125,181,130,184,136,94,141,100,145,106,148,115,150,125,151,138,151,150,150,160,147,167,144,171,141,177,136,94,141,100,136,107,135,115,134,125,133,137,132,148,132,158,131,165,132,171,132,177,136,137,71,86,146,91,152,98,159,108,167,122,172,139,173,154,170,167,164,176,155,182,148,185,141,86,146,89,140,97,134,106,128,122,122,137,123,152,121,167,125,176,130,182,135,185,141,93,145,100,148,106,150,114,151,125,152,138,152,150,150,160,148,168,146,172,145,178,140,93,145,100,141,107,140,115,138,126,138,137,138,149,137,158,136,166,137,172,137,178,140
402,130,68,77,145,82,152,89,159,99,167,113,172,130,173,145,171,158,164,166,156,171,148,175,140,77,145,81,138,89,133,99,126,114,120,129,121,144,119,158,123,166,129,172,134,175,140,85,144,91,148,97,150,106,152,117,153,129,153,141,152,150,150,158,147,162,145,167,140,85,144,91,140,99,138,107,136,117,135,129,135,139,134,148,134,155,135,161,136,167,140,130,69,75,145,80,152,88,159,98,167,113,172,129,173,145,170,157,164,166,156,171,148,174,140,75,145,80,138,87,133,98,127,114,122,129,123,143,121,157,124,166,130,171,134,174,140,83,144,90,148,96,150,105,151,116,153,129,153,141,152,150,150,157,147,162,145,167,140,83,144,89,140,97,138,106,137,116,137,128,137,139,136,148,136,155,136,161,137,167,140,129,63,74,141,79,149,86,158,96,167,111,173,129,175,145,172,158,165,166,155,171,146,174,136,74,141,78,133,86,127,96,121,112,115,128,116,143,114,157,118,165,124,171,129,174,136,82,140,89,146,95,149,104,152,115,154,128,155,140,153,150,150,157,147,161,143,167,136,82,140,89,135,96,133,105,131,115,130,127,130,138,129,147,129,155,130,161,132,167,136,129,63,75,141,80,150,87,159,97,168,112,174,129,175,146,172,158,165,166,155,171,145,174,136,75,141,79,134,87,127,97,120,113,114,128,115,143,113,157,117,165,123,171,129,174,136,83,140,90,147,96,150,105,153,115,155,129,155,141,153,150,150,157,147,161,143,166,136,83,140,90,135,97,132,106,131,116,129,128,129,139,128,147,128,155,129,160,131,166,136,128,62,74,140,79,149,86,158,96,168,111,174,129,176,145,173,158,165,166,154,171,144,174,135,74,140,78,132,86,126,95,119,112,113,127,114,142,111,157,115,165,121,171,127,174,135,82,139,89,146,95,150,104,153,115,155,128,156,140,154,150,150,157,146,161,143,166,135,82,139,88,133,96,131,105,129,115,128,127,127,138,127,147,127,154,128,160,130,166,135,128,61,74,139,79,149,86,158,96,168,111,174,129,175,145,172,158,165,166,154,171,144,174,134,74,139,78,131,86,125,95,118,112,112,127,113,142,110,157,114,165,120,171,126,174,134,82,138,89,146,95,149,104,153,115,155,128,155,140,153,150,150,157,146,161,142,166,134,82,138,89,133,96,130,105,128,115,127,127,126,138,126,147,126,154,127,160,129,166,134,128,61,74,140,79,149,85,158,96,168,111,174,129,175,146,172,158,164,167,154,171,144,174,134,74,140,78,131,85,125,95,118,111,112,128,113,143,110,158,114,166,120,171,126,174,134,82,139,89,146,95,149,104,152,115,154,128,155,141,153,150,150,157,146,161,142,166,134,82,139,88,133,96,130,104,128,115,127,127,126,138,126,148,126,155,127,161,129,166,134,128,57,72,139,77,149,84,158,95,168,110,175,128,177,146,173,159,165,167,154,172,144,175,133,72,139,77,130,84,123,94,116,111,110,127,110,142,108,157,112,166,119,171,125,175,133,81,138,88,146,94,150,103,153,114,155,128,156,140,154,150,150,157,146,161,142,166,133,81,138,87,132,95,129,104,126,114,125,127,124,138,124,147,124,154,125,160,128,166,133,129,58,73,139,78,148,85,158,96,168,111,174,129,176,146,172,159,165,167,154,172,144,175,134,73,139,78,131,85,124,95,117,111,111,128,112,143,109,158,114,166,120,172,126,175,134,81,138,89,145,94,149,103,152,115,154,128,155,141,153,150,150,157,146,162,142,167,134,81,138,88,132,96,130,104,128,115,127,127,126,138,125,148,126,155,127,161,129,167,134,128,59,73,139,77,149,84,158,95,168,110,175,128,176,145,173,158,165,167,154,171,144,174,134,73,139,77,131,84,124,94,117,111,111,127,112,142,109,157,114,165,120,171,126,174,134,81,138,88,146,94,149,103,153,114,155,128,156,140,153,150,150,157,146,161,142,166,134,81,138,87,132,95,130,104,128,114,126,126,126,138,125,147,125,154,127,160,129,166,134,128,58,72,139,77,148,84,158,95,168,110,174,128,176,145,173,158,165,167,154,171,143,174,133,72,139,76,130,84,124,94,117,111,111,127,111,142,109,157,113,165,119,171,125,174,133,80,138,87,145,93,149,103,153,114,155,128,155,140,153,150,150,157,146,161,142,166,133,80,138,87,132,95,129,104,127,114,126,127,125,138,125,147,125,154,126,160,128,166,133,127,57,72,137,77,147,84,157,95,168,110,175,128,176,146,173,158,165,167,153,171,142,174,132,72,137,77,129,84,122,94,115,111,109,127,110,142,107,157,111,165,118,171,124,174,132,80,136,88,145,93,149,103,153,114,155,128,156,140,154,150,150,157,145,161,141,166,132,80,136,87,130,95,127,104,125,114,124,126,123,138,123,147,123,154,124,160,126,166,132,127,58,72,137,77,147,84,157,95,167,110,174,128,176,145,172,158,164,167,153,171,142,175,132,72,137,76,129,84,122,94,115,110,109,126,110,142,107,157,112,165,118,171,124,175,132,80,136,87,145,93,149,102,152,113,155,127,156,140,154,150,150,157,145,161,141,166,132,80,136,86,130,94,127,103,125,114,124,126,123,137,123,147,123,154,124,160,126,166,132,128,58,73,138,78,147,85,157,96,168,111,174,129,176,146,172,159,164,167,153,172,143,175,132,73,138,77,129,85,123,95,116,111,110,128,111,143,108,158,112,166,118,172,124,175,132,81,137,88,145,94,149,103,153,115,155,128,156,141,154,150,150,158,145,162,141,167,132,81,137,88,131,95,128,104,126,115,125,127,124,138,123,148,124,155,125,161,127,167,132,127,59,73,139,78,148,85,158,96,168,111,174,129,176,146,172,159,164,167,154,172,143,175,133,73,139,77,131,85,124,95,117,111,111,127,112,142,109,157,113,166,120,172,125,175,133,81,138,88,146,94,149,103,153,114,155,128,156,141,153,150,150,158,146,162,142,167,133,81,138,88,132,95,129,104,127,115,126,127,125,138,125,148,125,155,126,161,128,167,133,127,59,73,139,78,148,85,158,96,168,111,174,129,175,146,172,159,164,167,153,172,143,175,133,73,139,77,131,85,124,95,117,111,111,127,112,142,109,157,113,166,120,172,125,175,133,81,138,88,145,94,149,103,152,114,155,128,155,141,153,150,150,158,146,162,141,167,133,81,138,87,132,95,129,104,127,115,126,127,126,138,125,148,125,155,126,161,128,167,133,127,56,73,136,78,146,85,157,95,167,110,174,129,176,146,173,159,164,167,153,172,142,175,131,73,136,77,127,85,121,94,113,111,107,127,108,142,106,157,110,165,117,171,123,175,131,81,135,88,144,94,148,103,152,114,155,128,156,141,154,150,150,157,145,161,141,166,131,81,135,88,129,95,126,104,123,114,122,127,122,138,121,147,122,154,123,160,126,166,131,127,55,72,135,77,146,84,156,94,167,109,174,128,176,145,173,158,164,167,152,171,141,175,130,72,135,76,126,84,120,94,113,110,107,126,108,142,105,157,110,165,116,171,122,175,130,80,134,87,144,93,148,102,152,113,155,127,156,140,154,150,150,157,145,161,140,166,130,80,134,87,128,94,125,103,123,114,122,126,121,137,120,147,121,154,122,160,124,166,130,127,54,75,133,79,144,86,155,96,167,110,174,128,176,146,172,159,164,167,151,171,140,174,128,75,133,79,123,86,117,95,109,111,104,127,104,142,102,157,106,165,113,170,119,174,128,83,132,90,142,95,147,104,152,114,155,128,156,140,154,150,150,156,144,160,139,165,128,83,132,89,125,96,122,105,119,115,118,127,117,138,117,147,117,153,119,159,122,165,128,128,54,74,133,79,145,85,156,96,168,110,175,129,177,146,173,159,164,167,152,171,140,174,128,74,133,78,124,85,117,95,110,111,104,127,104,143,102,158,106,165,113,171,119,174,128,83,133,90,143,95,148,104,153,114,156,128,157,141,155,150,150,157,145,161,139,166,129,83,133,89,125,96,122,105,119,115,118,127,118,138,117,147,117,154,119,160,122,166,129,129,56,76,134,81,145,87,156,97,167,112,175,130,176,147,173,159,164,167,152,171,140,174,129,76,134,80,125,87,119,96,111,112,106,128,106,143,104,158,108,165,115,171,121,174,129,85,133,91,143,97,148,105,152,116,155,129,156,141,154,150,150,157,145,161,139,166,129,85,133,91,126,98,123,106,121,116,120,128,119,139,119,148,119,154,121,160,123,166,129,128,56,75,134,79,145,86,156,96,167,111,174,129,176,146,173,159,164,166,152,171,141,174,130,75,134,79,125,86,118,96,111,111,106,127,106,142,104,157,109,165,115,170,121,174,130,83,133,90,143,96,148,104,152,115,155,128,156,141,154,150,150,156,145,160,140,165,130,83,133,90,126,97,123,105,121,115,120,127,120,138,119,147,120,154,121,159,124,165,130,129,56,78,136,82,146,88,156,98,167,113,174,130,176,147,173,159,164,167,153,171,143,174,133,78,136,82,128,89,122,98,114,113,109,129,110,143,107,157,112,165,118,170,124,174,133,86,135,93,144,98,148,106,152,117,154,129,155,141,153,150,150,157,145,161,141,165,132,86,135,92,129,99,127,107,125,117,124,128,123,139,123,147,123,154,125,160,127,165,132,128,56,77,136,81,146,87,156,97,167,112,174,129,176,146,172,158,164,166,153,170,142,173,132,77,136,81,127,88,121,97,114,112,108,128,109,142,107,157,111,164,118,170,124,173,132,85,135,92,143,97,148,105,152,115,154,128,155,141,153,150,150,156,145,160,140,165,132,85,135,91,129,98,126,106,124,116,123,127,123,138,122,147,123,153,124,159,126,165,132,129,57,79,138,83,147,89,157,99,167,113,174,130,176,146,173,159,165,167,154,171,144,173,134,79,138,83,129,89,123,98,116,113,110,129,111,143,109,157,113,165,120,170,126,173,134,87,136,93,144,98,148,106,152,117,155,129,156,141,154,150,150,157,146,160,142,165,134,87,136,93,131,100,128,108,126,117,125,128,125,139,124,147,125,154,126,159,128,165,134,129,59,78,138,82,148,88,157,98,168,112,174,130,176,146,173,158,165,166,154,170,144,173,135,78,138,82,130,89,124,98,117,113,112,128,113,143,111,157,115,165,121,170,127,173,135,86,137,92,145,98,149,106,152,116,155,129,156,141,154,150,150,157,146,160,142,165,134,86,137,92,132,99,130,107,128,117,127,128,127,139,126,147,126,154,128,159,129,165,134,129,59,77,139,82,148,88,157,98,167,112,174,129,175,146,172,158,165,166,154,170,144,173,135,77,139,81,131,88,125,98,118,113,113,128,114,143,111,157,116,164,122,170,127,173,135,85,137,92,145,97,148,105,152,116,154,129,155,141,153,150,150,156,146,160,142,165,135,85,137,92,132,99,130,107,129,117,128,128,128,138,127,147,127,154,128,159,130,165,135,131,61,79,139,83,148,89,158,99,168,113,174,130,176,147,173,159,165,167,154,171,145,174,136,79,139,83,132,90,126,99,119,114,114,129,115,144,112,158,117,165,123,171,128,174,136,87,138,93,145,98,149,107,152,117,154,130,155,141,153,150,150,157,146,161,143,166,135,87,138,93,133,100,131,108,130,118,129,129,129,139,128,148,128,155,129,160,131,166,135,130,56,79,137,83,147,89,157,99,168,113,175,130,177,147,174,159,165,167,154,171,143,173,133,79,137,83,128,90,122,99,114,114,108,129,109,143,107,157,112,165,119,170,125,173,133,87,136,93,144,99,148,107,152,117,155,130,156,142,154,150,150,157,146,160,141,165,133,87,136,93,130,100,127,108,125,118,124,129,123,139,123,147,123,154,125,159,127,165,133,130,56,79,137,83,146,89,156,99,167,113,174,131,176,147,173,159,165,167,153,171,143,173,133,79,137,83,128,90,122,99,114,114,109,129,110,144,107,158,112,165,119,170,125,173,133,87,136,94,144,99,148,107,152,117,154,130,155,142,153,150,150,157,145,161,141,165,133,87,136,94,130,101,127,108,125,118,124,129,123,139,123,147,124,154,125,159,127,165,133,128,55,76,135,80,145,86,156,96,167,111,175,129,177,146,173,159,165,167,153,171,142,174,131,76,135,80,126,87,119,96,112,112,106,127,107,143,105,157,109,165,116,171,122,174,131,84,134,91,143,96,148,104,152,115,155,128,156,141,154,150,150,157,145,161,140,166,131,84,134,90,127,98,124,106,122,116,121,127,120,138,120,147,120,154,122,160,125,166,131,128,55,76,135,80,145,86,156,96,167,111,174,129,176,146,173,159,164,167,152,171,142,174,131,76,135,80,126,87,119,96,112,111,106,127,107,142,105,157,109,165,116,170,122,174,131,84,134,91,143,96,148,104,152,115,155,128,156,141,154,150,150,157,145,161,140,166,131,84,134,90,127,97,124,106,122,115,121,127,121,138,120,147,121,154,122,160,125,166,131,128,60,75,139,80,148,86,158,97,167,111,174,129,176,145,172,158,165,166,154,171,144,175,135,75,139,79,131,86,125,96,118,112,112,127,113,142,111,157,115,165,121,171,127,175,135,83,138,90,146,95,149,104,152,115,155,128,155,140,154,150,150,157,146,161,142,166,135,83,138,89,133,97,130,105,128,115,127,127,127,138,126,147,126,154,128,161,130,166,135,128,58,75,136,80,146,86,156,96,167,111,174,128,176,146,172,158,164,166,153,171,143,174,132,75,136,79,127,86,121,96,113,111,108,127,108,142,106,157,111,165,118,171,124,174,132,83,135,90,144,96,148,104,152,115,155,128,155,140,153,150,150,157,145,161,141,166,132,83,135,90,129,97,126,105,124,115,122,127,122,138,122,147,122,154,124,160,126,166,132,129,64,75,140,80,149,87,157,97,167,111,173,129,174,145,171,158,164,166,155,171,146,175,137,75,140,79,133,86,127,96,120,112,115,128,116,143,114,158,118,166,124,172,130,175,137,83,139,90,146,95,149,104,151,115,153,128,154,140,152,150,150,157,146,162,143,167,137,83,139,89,134,97,132,105,131,115,130,127,130,139,129,148,129,155,130,161,132,167,137,129,65,75,139,80,148,86,157,97,167,111,173,128,174,145,172,157,164,166,154,171,144,174,135,75,139,79,131,86,125,96,118,112,113,128,114,143,111,157,116,165,122,171,127,174,135,83,138,90,145,95,149,104,152,115,154,128,155,140,153,150,150,157,146,161,142,166,135,83,138,89,133,96,130,105,128,115,127,127,127,138,127,147,127,155,128,161,130,166,135,129,66,76,141,81,150,87,158,98,167,112,173,129,175,146,172,158,165,167,155,172,145,175,137,76,141,80,134,87,128,97,121,113,115,128,116,143,114,158,118,166,124,172,129,175,137,84,140,91,146,96,149,105,152,116,154,129,154,141,153,150,150,157,146,162,143,167,136,84,140,90,135,97,133,106,131,116,130,128,130,139,129,148,129,155,130,161,132,167,136,130,67,77,141,81,149,88,158,98,167,112,173,129,174,146,171,158,164,166,154,171,145,174,137,77,141,80,133,88,128,97,121,113,115,128,116,143,114,158,118,166,124,171,130,174,137,85,140,91,146,97,149,105,152,116,154,129,154,141,152,150,150,157,146,161,143,166,136,85,140,91,135,98,133,106,131,116,130,128,130,139,129,148,129,155,130,161,132,166,136,129,70,75,144,80,152,87,159,98,168,112,173,129,175,145,172,158,165,166,156,171,147,174,139,75,144,79,137,86,132,96,125,112,120,128,121,143,119,158,122,166,128,171,133,174,139,82,143,89,148,95,150,104,152,115,154,128,154,140,153,150,150,157,147,161,145,167,139,82,143,89,139,96,137,105,136,116,135,128,135,139,134,148,134,155,134,161,135,167,139,128,69,74,144,79,152,86,160,97,168,111,174,128,175,145,172,157,165,166,156,171,147,175,139,74,144,78,137,85,132,95,125,112,120,127,121,142,118,157,122,166,127,172,132,175,139,82,143,89,148,94,151,103,153,115,154,128,155,140,153,150,150,157,147,161,144,167,139,82,143,88,138,96,137,104,136,115,135,127,135,138,134,148,133,155,134,161,135,167,139,129,70,76,145,81,152,88,160,98,168,113,174,130,175,146,172,158,165,167,155,172,147,175,139,76,145,80,138,87,133,97,126,113,121,128,122,143,119,158,123,166,128,172,133,175,139,83,144,90,148,96,151,105,153,116,154,129,154,141,152,150,150,158,147,162,144,167,139,83,144,90,140,97,138,106,137,116,136,128,136,139,135,148,134,156,135,162,136,167,139,128,70,76,145,81,152,87,160,98,168,112,174,129,175,145,172,157,165,166,155,171,147,174,139,76,145,79,138,87,133,96,126,112,121,128,122,142,119,157,122,165,128,171,133,174,139,84,144,90,148,96,151,105,153,115,154,128,154,140,153,150,150,157,147,161,144,167,139,84,144,90,139,97,138,105,136,116,136,127,135,138,134,148,134,155,134,161,135,167,139,127,73,76,148,81,154,88,161,98,169,112,174,129,175,144,172,157,166,166,157,172,150,175,143,76,148,79,142,87,136,96,130,112,124,127,125,142,123,157,127,166,132,172,137,175,143,83,147,90,150,96,152,104,153,115,154,128,154,140,153,150,150,158,148,162,147,168,142,83,147,90,143,97,142,105,140,116,140,127,140,139,139,148,138,156,139,162,139,168,142
318,122,71,69,148,74,155,81,162,91,170,105,175,122,176,137,174,149,167,158,159,163,151,167,143,69,148,73,141,81,135,91,129,106,123,121,124,136,122,150,126,158,132,164,137,167,143,77,147,83,151,89,153,98,155,109,156,121,156,133,155,142,153,150,150,154,148,159,143,77,147,83,143,91,141,99,139,109,138,121,138,131,137,140,137,147,138,153,139,159,143,123,72,68,148,73,155,81,162,92,170,106,175,122,176,138,173,150,167,159,159,164,151,167,143,68,148,73,141,80,136,91,130,107,125,122,126,136,124,150,127,159,133,164,138,167,143,76,147,83,151,89,153,98,154,109,156,122,156,134,155,143,152,150,150,155,148,160,143,76,147,82,143,90,141,99,140,109,140,121,140,132,139,141,139,148,139,154,140,160,143,122,65,67,144,72,152,79,161,89,170,104,176,122,178,138,175,151,168,159,158,164,149,167,139,67,144,71,136,79,130,89,124,105,118,121,119,136,117,150,121,158,127,164,132,167,139,75,143,82,149,88,152,97,155,108,157,121,158,133,156,143,153,150,150,154,146,160,139,75,143,82,138,89,136,98,134,108,133,120,133,131,132,140,132,148,133,154,135,160,139,122,66,68,144,73,153,80,162,90,171,105,177,122,178,139,175,151,168,159,158,164,148,167,139,68,144,72,136,80,130,90,123,106,117,121,118,136,116,150,120,158,126,164,132,167,139,76,143,83,150,89,153,98,156,108,158,122,158,134,156,143,153,150,150,154,146,159,139,76,143,83,138,90,135,99,133,109,132,121,132,132,131,141,131,148,132,153,134,159,139,121,66,67,144,72,153,79,162,89,172,104,178,122,180,138,177,151,169,159,158,164,148,167,139,67,144,71,136,79,130,88,123,105,117,120,118,135,115,150,119,158,125,164,131,167,139,75,143,82,150,88,154,97,157,108,159,121,160,133,158,143,154,150,150,154,147,159,139,75,143,81,137,89,135,98,133,108,132,120,131,131,131,140,131,147,132,153,134,159,139,121,65,67,143,72,153,79,162,89,172,104,178,122,179,138,176,151,169,159,158,164,148,167,138,67,143,71,135,79,129,88,122,105,116,120,117,135,114,150,118,158,124,164,130,167,138,75,142,82,150,88,153,97,157,108,159,121,159,133,157,143,154,150,150,154,146,159,138,75,142,81,137,89,134,98,132,108,131,120,130,131,130,140,130,147,131,153,133,159,138,121,65,67,144,72,153,78,162,89,172,104,178,122,179,139,176,151,168,160,158,164,148,167,138,67,144,71,135,78,129,88,122,104,116,121,117,136,114,151,118,159,124,164,130,167,138,75,143,82,150,88,153,97,156,108,158,121,159,134,157,143,154,150,150,154,146,159,138,75,143,81,137,89,134,97,132,108,131,120,130,131,130,141,130,148,131,154,133,159,138,121,61,65,143,70,153,77,162,88,172,103,179,121,181,139,177,152,169,160,158,165,148,168,137,65,143,70,134,77,127,87,120,104,113,120,114,135,112,150,116,159,123,164,129,168,137,74,142,81,150,87,154,96,157,107,159,121,160,133,158,143,154,150,150,154,146,159,137,74,142,80,136,88,133,97,130,107,129,120,128,131,128,140,128,147,129,153,132,159,137,122,62,66,143,71,152,78,162,89,172,104,178,122,180,139,176,152,169,160,158,165,148,168,138,66,143,71,135,78,128,88,121,104,115,121,116,136,113,151,118,159,124,165,130,168,138,74,142,82,149,87,153,96,156,108,158,121,159,134,157,143,154,150,150,155,146,160,138,74,142,81,136,89,134,97,132,108,131,120,130,131,129,141,130,148,131,154,133,160,138,121,63,66,143,70,153,77,162,88,172,103,179,121,180,138,177,151,169,160,158,164,148,167,138,66,143,70,135,77,128,87,121,104,115,120,116,135,113,150,118,158,124,164,130,167,138,74,142,81,150,87,153,96,157,107,159,121,160,133,157,143,154,150,150,154,146,159,138,74,142,80,136,88,134,97,132,107,130,120,130,131,129,140,129,147,131,153,133,159,138,121,62,65,143,70,152,77,162,88,172,103,179,121,180,139,177,151,169,160,158,164,147,167,137,65,143,69,134,77,128,87,121,104,115,120,115,135,113,150,117,158,123,164,129,167,137,73,142,80,149,86,153,96,157,107,159,121,160,133,157,143,154,150,150,154,146,159,137,73,142,80,136,88,133,97,131,107,130,120,129,131,129,140,129,147,130,153,132,159,137,120,62,65,142,70,152,77,162,88,173,103,180,121,181,139,178,151,170,160,158,164,147,167,137,65,142,70,134,77,127,87,120,104,114,120,115,135,112,150,116,158,123,164,129,167,137,73,141,81,150,86,154,96,158,107,160,121,161,133,159,143,155,150,150,154,146,159,137,73,141,80,135,88,132,97,130,107,129,119,128,131,128,140,128,147,129,153,131,159,137,120,63,65,142,70,152,77,162,88,172,103,179,121,181,138,177,151,169,160,158,164,147,168,137,65,142,69,134,77,127,87,120,103,114,119,115,135,112,150,116,158,123,164,129,168,137,73,141,80,150,86,154,95,157,106,160,120,161,133,158,143,155,150,150,154,146,159,137,73,141,79,135,87,132,96,130,107,129,119,128,130,128,140,128,147,129,153,131,159,137,120,63,65,143,70,152,77,162,88,173,103,179,121,181,138,177,151,169,159,158,164,148,167,137,65,143,69,134,77,128,87,121,103,115,120,116,135,113,150,117,158,123,164,129,167,137,73,142,80,150,86,154,95,158,106,160,120,161,133,159,142,155,150,150,154,146,159,137,73,142,80,136,87,133,96,131,107,130,119,129,130,128,140,129,147,130,153,132,159,137,119,63,65,143,70,152,77,162,88,172,103,178,121,180,138,176,151,168,159,158,164,147,167,137,65,143,69,135,77,128,87,121,103,115,119,116,134,113,149,118,158,124,164,129,167,137,73,142,80,150,86,153,95,157,106,159,120,159,133,157,142,154,150,150,154,146,159,137,73,142,80,136,87,133,96,131,107,130,119,130,130,129,140,129,147,130,153,132,159,137,119,63,65,143,70,152,77,162,88,172,103,178,121,179,138,176,151,168,159,157,164,147,167,137,65,143,69,135,77,128,87,121,103,115,119,116,135,113,149,117,158,124,164,129,167,137,73,142,80,149,86,153,95,157,106,159,120,159,133,157,142,154,150,150,154,146,159,137,73,142,79,136,87,133,96,131,107,130,119,130,130,129,140,129,147,130,153,132,159,137,120,61,66,141,71,151,78,162,88,172,103,179,122,181,139,178,152,169,160,158,165,147,168,136,66,141,70,132,78,126,87,118,104,113,120,113,135,111,150,115,158,122,164,128,168,136,74,140,81,149,87,153,96,157,107,160,121,161,134,159,143,155,150,150,154,146,159,137,74,140,81,134,88,131,97,128,107,127,120,127,131,126,140,127,147,128,153,131,159,137,120,60,65,140,70,151,77,161,88,172,102,179,121,181,138,178,151,169,160,157,164,146,168,135,65,140,69,131,77,125,87,118,103,112,119,113,135,111,150,115,158,121,164,127,168,135,73,139,80,149,86,153,95,157,106,160,120,161,133,159,143,155,150,150,154,145,159,135,73,139,80,133,87,130,96,128,107,127,119,126,130,126,140,126,147,127,153,129,159,135,121,60,69,139,73,150,80,161,90,173,104,180,123,182,140,178,153,170,161,157,165,146,168,134,69,139,73,129,80,123,89,115,105,110,121,110,136,108,151,112,159,119,164,125,168,134,77,138,84,148,89,153,98,158,108,161,122,162,134,160,144,156,150,150,154,145,159,134,77,138,83,131,90,128,99,125,109,124,121,123,132,123,141,123,148,125,153,128,159,134,121,59,67,138,72,150,78,161,89,173,103,180,122,182,139,178,152,169,160,157,164,145,167,133,67,138,71,129,78,122,88,115,104,109,120,109,136,107,151,111,158,118,164,124,167,133,76,137,83,148,88,153,97,158,107,161,121,162,134,159,143,155,150,150,154,144,159,134,76,137,82,130,89,127,98,124,108,123,120,123,131,122,140,122,147,124,153,127,159,134,122,62,69,139,74,150,80,161,90,172,105,180,123,181,140,178,152,169,160,157,164,145,167,134,69,139,73,130,80,124,89,117,105,111,121,111,136,109,151,113,158,120,164,126,167,134,78,138,84,148,90,153,98,157,109,160,122,161,134,159,143,155,150,150,154,144,159,134,78,138,84,131,91,128,99,126,109,125,121,124,132,124,141,124,147,126,153,128,159,134,122,61,69,139,74,150,80,161,90,172,105,179,123,181,140,178,153,169,160,157,165,146,168,135,69,139,73,130,80,124,90,116,105,111,121,111,136,109,151,114,159,120,164,126,168,135,78,138,84,148,90,152,98,157,109,160,122,161,135,159,144,155,150,150,154,145,159,135,78,138,84,131,91,128,99,126,109,125,121,125,132,124,141,125,148,126,153,129,159,135,122,62,71,141,75,151,81,161,91,172,106,179,123,181,140,178,152,169,160,158,164,148,167,138,71,141,75,133,82,127,91,120,106,114,122,115,136,113,150,117,158,123,163,129,167,138,79,140,86,149,91,153,99,157,110,160,122,160,134,158,143,155,150,150,154,146,158,137,79,140,85,134,92,132,100,130,110,129,121,128,132,128,140,128,147,130,153,132,158,137,122,61,71,141,75,151,81,161,91,172,106,179,123,181,140,177,152,169,160,158,164,147,167,137,71,141,75,132,82,126,91,119,106,113,122,114,136,112,151,116,158,123,164,129,167,137,79,140,86,148,91,153,99,157,109,159,122,160,135,158,144,155,150,150,154,145,159,137,79,140,85,134,92,131,100,129,110,128,122,128,132,127,141,128,147,129,153,131,159,137,122,61,72,142,76,151,82,161,92,171,106,178,123,180,139,177,152,169,160,158,164,148,166,138,72,142,76,133,82,127,91,120,106,114,122,115,136,113,150,117,158,124,163,130,166,138,80,140,86,148,91,152,99,156,110,159,122,159,134,158,143,154,150,150,154,146,158,138,80,140,86,135,93,132,101,130,110,129,121,129,132,128,140,129,147,130,152,132,158,138,122,63,71,142,75,152,82,161,91,172,105,178,123,180,139,177,151,169,159,158,163,148,166,139,71,142,75,134,82,128,91,122,106,116,121,117,136,115,150,119,158,125,163,131,166,139,79,141,85,149,91,153,99,156,109,159,122,160,134,158,143,154,150,150,153,146,158,138,79,141,85,136,92,134,100,132,110,131,121,131,132,130,140,131,147,132,152,133,158,138,123,64,71,143,76,152,82,161,92,171,106,178,123,179,139,176,152,169,160,158,164,148,167,139,71,143,75,135,82,129,92,122,107,117,122,118,137,115,151,120,158,126,164,132,167,139,79,141,86,149,91,152,99,156,110,158,123,159,134,157,144,154,150,150,154,146,159,139,79,141,86,136,93,134,101,133,111,132,122,132,132,131,141,131,148,132,153,134,159,139,124,65,72,143,76,152,82,162,92,172,106,178,123,180,140,177,152,169,160,158,164,149,167,140,72,143,76,136,83,130,92,123,107,118,122,119,137,116,151,121,158,127,164,132,167,140,80,142,86,149,91,153,100,156,110,158,123,159,134,157,143,154,150,150,154,147,159,140,80,142,86,137,93,135,101,134,111,133,122,133,132,132,141,132,148,133,153,135,159,140,123,60,72,141,76,151,82,161,92,172,106,179,123,181,140,178,152,169,160,158,164,147,166,137,72,141,76,132,83,126,91,118,107,112,122,113,136,111,150,116,158,123,163,129,166,137,80,140,86,148,92,152,100,156,110,159,123,160,135,158,143,154,150,150,153,145,158,137,80,140,86,134,93,131,101,129,111,128,122,127,132,127,140,127,147,129,152,131,158,137,123,61,72,142,76,151,82,161,92,172,106,179,124,181,140,178,152,170,160,158,164,148,166,138,72,142,76,133,83,127,92,119,107,114,122,115,137,112,151,117,158,124,163,130,166,138,80,141,87,149,92,153,100,157,110,159,123,160,135,158,143,155,150,150,154,146,158,138,80,141,87,135,94,132,102,130,111,129,122,129,132,128,141,129,147,130,152,132,158,138,121,60,69,140,73,150,79,161,89,172,104,180,122,181,139,178,152,170,160,158,164,147,167,136,69,140,73,131,80,124,89,117,105,111,120,112,135,110,150,114,158,121,163,127,167,136,77,139,84,148,89,153,97,157,108,160,121,161,134,159,143,155,150,150,154,145,159,136,77,139,83,132,91,129,99,127,109,126,120,125,131,125,140,125,147,127,153,130,159,136,121,60,69,140,73,150,79,161,89,172,104,179,122,181,139,178,152,169,160,158,164,147,167,136,69,140,73,131,80,124,89,117,104,111,120,112,135,110,150,114,158,121,163,127,167,136,77,139,84,148,89,153,97,157,108,160,121,161,134,159,143,155,150,150,154,145,159,136,77,139,83,132,90,129,99,127,108,126,120,126,131,125,140,126,147,127,153,130,159,136,120,64,68,143,73,152,79,162,90,171,104,178,122,180,138,176,151,169,159,158,164,148,168,139,68,143,72,135,79,129,89,122,105,116,120,117,135,115,150,119,158,125,164,131,168,139,76,142,83,150,88,153,97,156,108,159,121,159,133,158,143,154,150,150,154,146,160,139,76,142,82,137,90,134,98,132,108,131,120,131,131,130,140,130,147,132,154,134,160,139,121,63,68,141,73,151,79,161,89,172,104,179,122,181,139,177,151,169,159,158,164,148,167,137,68,141,72,132,79,126,89,118,104,113,120,113,135,111,150,116,158,123,164,129,167,137,76,140,83,149,89,153,97,157,108,159,121,160,133,158,143,155,150,150,154,146,159,137,76,140,83,134,90,131,98,129,108,127,120,127,131,127,140,127,147,129,153,131,159,137,122,68,68,144,73,153,80,161,90,171,104,177,122,178,138,175,151,168,159,158,164,149,168,141,68,144,72,137,79,131,89,124,105,119,121,120,136,118,150,122,159,128,165,134,168,141,76,143,83,149,88,152,97,155,108,157,121,158,133,156,143,154,150,150,155,147,160,141,76,143,82,138,90,136,98,135,108,134,120,134,132,133,141,133,148,134,154,136,160,141,122,69,68,143,73,152,79,161,90,171,104,177,121,179,138,176,150,168,159,158,164,148,167,139,68,143,72,135,79,129,89,122,105,117,121,118,136,115,150,120,158,126,164,131,167,139,76,142,83,149,88,153,97,156,108,158,121,159,133,157,142,154,150,150,154,146,159,139,76,142,82,137,89,134,98,132,108,131,120,131,131,130,140,131,148,132,154,134,159,139,121,70,68,145,73,154,80,162,90,171,104,177,122,179,138,176,150,169,159,159,164,149,167,141,68,145,72,138,79,132,89,125,105,119,121,120,135,118,150,122,158,128,164,133,167,141,76,144,83,150,88,153,97,156,108,158,121,158,133,157,142,154,150,150,154,147,159,140,76,144,82,139,90,137,98,135,108,134,120,134,131,133,140,133,147,134,153,136,159,140,123,71,70,145,74,153,81,162,91,171,105,177,122,178,139,175,151,168,159,158,164,149,167,141,70,145,73,137,81,132,90,125,106,119,121,120,136,118,151,122,159,128,164,133,167,141,78,144,84,150,90,153,98,156,109,158,122,158,134,156,143,154,150,150,154,147,159,140,78,144,84,139,91,137,99,135,109,134,121,134,132,133,141,133,148,134,154,136,159,140,122,73,68,147,73,155,80,162,91,171,105,176,122,178,138,175,151,168,159,159,164,150,167,142,68,147,72,140,79,135,89,128,105,123,121,124,136,122,151,125,159,131,165,136,167,142,75,146,82,151,88,153,97,155,108,157,121,157,134,156,143,153,150,150,154,148,160,142,75,146,82,142,89,140,98,139,109,138,121,138,132,137,141,137,148,137,154,138,160,142,121,72,67,147,72,155,79,163,90,171,104,177,121,178,138,175,150,168,159,159,164,150,168,142,67,147,71,140,78,135,88,128,105,123,120,124,135,121,150,125,159,130,165,135,168,142,75,146,82,151,88,154,97,156,108,157,121,158,133,156,143,153,150,150,154,147,160,142,75,146,81,141,89,140,97,139,108,138,120,138,131,137,141,136,148,137,154,138,160,142,121,73,68,148,73,155,80,163,90,171,105,177,122,178,138,175,150,168,159,158,164,150,167,142,68,148,72,141,79,136,89,129,105,124,120,125,135,122,150,126,158,131,164,136,167,142,75,147,82,151,88,154,97,156,108,157,121,157,133,155,142,153,150,150,154,147,159,142,75,147,82,143,89,141,98,140,108,139,120,139,131,138,140,137,148,138,154,139,159,142,121,73,69,148,74,155,80,163,91,171,105,177,122,178,138,175,150,168,159,158,164,150,167,142,69,148,72,141,80,136,89,129,105,124,121,125,135,122,150,126,158,131,164,136,167,142,77,147,83,151,89,154,98,156,108,157,121,157,133,156,143,153,150,150,154,147,160,142,77,147,83,142,90,141,98,139,108,139,120,138,131,138,141,137,148,138,154,138,160,142,119,75,68,150,73,156,80,163,90,171,104,176,121,177,136,174,149,168,158,159,164,152,167,145,68,150,71,144,79,138,88,132,104,126,119,127,134,125,149,129,158,134,164,139,167,145,75,149,82,152,88,154,96,155,107,156,120,156,132,154,142,152,150,150,154,149,160,144,75,149,82,145,89,144,97,142,108,142,119,142,131,141,140,140,148,141,154,141,160,144
324,118,73,65,150,70,157,77,164,87,172,101,177,118,178,133,176,145,169,154,161,159,153,163,145,65,150,69,143,77,138,87,131,102,125,117,126,132,124,146,128,154,134,160,139,163,145,73,149,79,153,85,155,94,157,105,158,117,158,129,157,138,155,146,152,150,150,155,145,73,149,79,145,87,143,95,141,105,140,117,140,127,139,136,139,143,140,149,141,155,145,118,74,63,150,68,157,76,164,87,172,101,177,117,178,133,175,145,169,154,161,159,153,163,145,63,150,68,143,76,138,86,132,102,127,117,128,131,126,146,129,154,135,159,139,163,145,71,149,78,153,84,155,93,156,104,158,117,158,129,157,138,154,145,152,150,150,155,145,71,149,77,145,85,143,94,142,105,142,116,142,127,141,136,141,143,141,149,142,155,145,118,70,63,148,68,156,75,165,85,174,100,180,118,182,134,179,147,172,155,162,160,153,163,143,63,148,67,140,75,134,85,128,101,122,117,123,132,121,146,125,154,131,160,136,163,143,71,147,78,153,84,156,93,159,104,161,117,162,129,160,139,157,146,154,150,150,156,143,71,147,78,142,85,140,94,138,104,137,116,137,127,136,136,136,144,137,150,139,156,143,118,70,64,148,69,157,76,166,86,175,101,181,118,183,135,179,147,172,155,162,160,152,163,143,64,148,68,140,76,134,86,127,102,121,117,122,132,120,146,124,154,130,160,136,163,143,72,147,79,154,85,157,94,160,104,162,118,162,130,160,139,157,146,154,150,150,155,143,72,147,79,142,86,139,95,137,105,136,117,136,128,135,137,135,144,136,149,138,155,143,117,69,63,147,68,156,75,165,85,175,100,181,118,183,134,180,147,172,155,161,160,151,163,142,63,147,67,139,75,133,84,126,101,120,116,121,131,118,146,122,154,128,160,134,163,142,71,146,78,153,84,157,93,160,103,162,117,163,129,161,139,158,146,153,150,150,155,142,71,146,77,140,85,138,94,136,104,135,116,134,127,134,136,134,143,135,149,137,155,142,117,69,63,147,68,157,75,166,85,176,100,182,118,184,134,180,147,173,155,162,160,152,163,142,63,147,67,139,75,133,84,126,101,120,116,121,131,118,146,122,154,128,160,134,163,142,71,146,78,154,84,157,93,161,104,163,117,163,129,161,139,158,146,154,150,150,155,142,71,146,78,141,85,138,94,136,104,135,116,134,127,134,136,134,143,135,149,137,155,142,117,69,63,148,68,157,74,166,85,176,100,182,118,183,135,180,147,172,156,162,160,152,163,142,63,148,67,139,74,133,84,126,100,120,117,121,132,118,147,122,155,128,160,134,163,142,71,147,78,154,84,157,93,160,104,162,117,163,130,161,139,158,146,154,150,150,155,142,71,147,77,141,85,138,93,136,104,135,116,134,127,134,137,134,144,135,150,137,155,142,117,65,62,147,66,157,73,166,84,176,99,183,117,185,135,181,148,173,156,162,161,152,164,141,62,147,66,138,73,131,83,124,100,118,116,118,131,116,146,120,155,127,160,133,164,141,70,146,77,154,83,158,92,161,103,163,117,164,129,162,139,158,146,154,150,150,155,141,70,146,77,140,84,137,93,134,103,133,116,132,127,132,136,132,143,133,149,136,155,141,117,66,61,147,66,156,73,166,84,176,99,182,117,184,134,180,147,173,155,162,160,152,163,142,61,147,66,139,73,132,83,125,99,119,116,120,131,117,146,122,154,128,160,134,163,142,69,146,77,153,82,157,91,160,103,162,116,163,129,161,138,158,145,154,150,150,155,142,69,146,76,140,84,138,92,136,103,135,115,134,126,133,136,134,143,135,149,137,155,142,117,66,62,147,66,157,73,166,84,176,99,183,117,184,134,181,147,173,156,162,160,152,163,142,62,147,66,139,73,132,83,125,100,119,116,120,131,117,146,122,154,128,160,134,163,142,70,146,77,154,83,157,92,161,103,163,117,164,129,162,139,158,146,154,150,150,155,142,70,146,76,140,84,138,93,136,103,134,116,134,127,133,136,133,143,135,149,137,155,142,117,66,61,147,66,156,73,166,84,176,99,183,117,184,135,181,147,173,156,162,160,151,163,141,61,147,65,138,73,132,83,125,100,119,116,119,131,117,146,121,154,127,160,133,163,141,69,146,76,153,82,157,92,161,103,163,117,164,129,161,139,158,146,154,150,150,155,141,69,146,76,140,84,137,93,135,103,134,116,133,127,133,136,133,143,134,149,136,155,141,116,66,61,146,66,156,73,166,84,177,99,184,117,185,135,182,148,174,156,162,160,151,163,141,61,146,66,138,73,131,83,124,100,118,116,119,131,116,146,120,154,127,160,133,163,141,69,145,77,154,83,158,92,162,103,164,117,165,129,163,139,159,146,154,150,150,155,141,69,145,76,139,84,136,93,134,103,133,115,132,127,132,136,132,143,133,149,135,155,141,116,67,61,146,66,156,73,166,84,176,99,183,117,185,134,181,147,173,156,162,160,151,164,141,61,146,65,138,73,131,83,124,99,118,115,119,131,116,146,120,154,127,160,132,164,141,69,145,76,154,82,158,91,161,102,164,116,165,129,162,139,159,146,154,150,150,155,141,69,145,75,139,83,136,92,134,103,133,115,132,126,132,136,132,143,133,149,135,155,141,116,67,61,147,66,156,73,166,84,177,99,183,117,185,134,181,147,173,155,162,160,152,163,141,61,147,65,138,73,132,83,125,99,119,116,120,131,117,146,121,154,127,160,133,163,141,69,146,76,154,82,158,91,162,103,164,116,165,129,163,138,159,146,154,150,150,155,141,69,146,76,140,83,137,92,135,103,134,115,133,126,132,136,133,143,134,149,136,155,141,115,67,61,147,66,156,73,166,84,176,99,182,117,184,134,180,147,172,155,162,160,151,163,141,61,147,65,139,73,132,83,125,99,119,115,120,130,117,145,122,154,128,160,133,163,141,69,146,76,154,82,157,91,161,102,163,116,163,129,161,138,158,146,154,150,150,155,141,69,146,75,140,83,137,92,135,103,134,115,134,126,133,136,133,143,134,149,136,155,141,115,68,61,148,66,157,73,167,84,177,99,183,117,184,134,181,147,173,155,162,160,152,163,142,61,148,65,139,73,133,83,126,99,120,115,121,130,118,145,122,154,129,160,134,163,142,69,147,76,154,82,158,91,162,102,164,116,164,129,162,138,159,146,155,150,150,155,142,69,147,75,141,83,138,92,136,103,135,115,134,126,134,136,134,143,135,149,137,155,142,116,65,62,145,67,155,74,166,84,176,99,183,118,185,135,181,148,173,156,162,161,151,164,140,62,145,66,136,74,130,83,122,100,116,116,117,131,115,146,119,154,126,160,132,164,140,70,144,77,153,83,157,92,161,103,164,117,165,130,163,139,159,146,154,150,150,155,140,70,144,77,138,84,135,93,132,103,131,116,131,127,130,136,131,143,132,149,135,155,140,116,65,61,145,66,156,73,166,84,177,98,184,117,186,134,183,147,174,156,162,160,151,164,140,61,145,65,136,73,130,83,123,99,117,115,118,131,115,146,120,154,126,160,132,164,140,69,144,76,154,82,158,91,162,102,165,116,166,129,164,139,160,146,155,150,150,155,140,69,144,76,138,83,135,92,133,103,132,115,131,126,130,136,131,143,132,149,134,155,140,117,65,65,144,69,155,75,166,86,178,100,185,118,187,136,183,149,175,157,162,161,151,164,139,65,144,69,134,76,128,85,120,101,115,117,115,132,113,147,117,155,124,160,130,164,139,73,143,80,153,85,158,94,163,104,166,118,167,130,165,140,161,146,155,150,150,155,139,73,143,79,136,86,133,95,130,105,129,116,128,128,128,137,128,144,130,149,133,155,139,117,65,63,144,68,156,74,167,85,179,99,186,118,188,135,184,148,175,156,163,160,151,163,139,63,144,67,135,74,128,84,121,100,115,116,115,132,113,147,117,154,124,160,130,163,139,72,144,79,154,84,159,93,164,103,167,117,168,130,165,139,161,146,156,150,150,155,140,72,144,78,136,85,133,94,130,104,129,116,129,127,128,136,128,143,130,149,133,155,140,118,68,65,145,70,156,76,167,86,178,101,186,119,187,136,184,148,175,156,163,160,151,163,140,65,145,69,136,76,130,85,122,101,117,117,117,132,115,147,119,154,126,160,132,163,140,74,144,80,154,86,159,94,163,105,166,118,167,130,165,139,161,146,156,150,150,155,140,74,144,80,137,87,134,95,132,105,131,117,130,128,130,137,130,143,132,149,134,155,140,118,66,65,144,70,155,76,166,86,177,101,184,119,186,136,183,149,174,156,162,161,151,164,140,65,144,69,135,76,129,86,121,101,116,117,116,132,114,147,119,155,125,160,131,164,140,74,143,80,153,86,157,94,162,105,165,118,166,131,164,140,160,146,155,150,150,155,140,74,143,80,136,87,133,95,131,105,130,117,130,128,129,137,130,144,131,149,134,155,140,118,66,67,145,71,155,77,165,87,176,102,183,119,185,136,182,148,173,156,162,160,152,163,142,67,145,71,137,78,131,87,124,102,118,118,119,132,117,146,121,154,127,159,133,163,142,75,144,82,153,87,157,95,161,106,164,118,164,131,162,139,159,146,154,150,150,154,141,75,144,81,138,88,136,96,134,106,133,117,132,128,132,136,132,143,134,149,136,154,141,118,66,67,146,71,156,77,166,87,177,102,184,119,186,136,182,148,174,156,162,160,152,163,142,67,146,71,137,78,131,87,124,102,118,118,119,132,117,147,121,154,128,160,134,163,142,75,145,82,153,87,157,95,162,105,164,118,165,131,163,140,160,146,155,150,150,155,142,75,145,81,139,88,136,96,134,106,133,117,133,128,132,137,133,143,134,149,136,155,142,118,65,68,146,72,155,78,165,88,175,102,182,119,184,136,181,148,173,156,162,160,152,162,142,68,146,72,137,78,131,87,124,102,118,118,119,132,117,146,121,154,128,159,134,162,142,76,144,82,152,87,156,95,160,106,163,118,164,130,162,139,158,146,154,150,150,154,142,76,144,82,139,89,136,97,134,106,133,117,133,128,132,136,133,143,134,149,136,154,142,118,67,67,147,71,156,78,165,87,176,101,183,119,184,135,181,147,173,155,162,159,152,162,143,67,147,71,138,78,132,87,126,102,120,118,121,132,119,146,123,154,129,159,135,162,143,75,145,81,153,87,157,95,160,105,163,118,164,130,162,139,158,146,154,150,150,154,142,75,145,81,140,88,138,96,136,106,135,117,135,128,134,136,135,143,136,149,137,154,142,119,67,67,147,72,156,78,165,88,175,102,182,119,183,136,180,148,173,156,162,160,152,163,143,67,147,71,139,78,133,88,126,103,121,118,122,133,119,147,124,154,130,160,135,163,143,75,145,82,153,87,156,95,160,106,162,119,163,131,161,140,158,146,154,150,150,155,143,75,145,82,140,89,138,97,137,107,136,118,136,128,135,137,135,144,136,149,138,155,143,120,68,68,146,72,155,78,165,88,175,102,181,119,183,135,180,148,172,156,161,160,152,163,143,68,146,72,139,79,133,88,126,103,121,118,122,133,119,147,124,154,130,160,135,163,143,76,145,82,152,87,156,96,159,106,161,119,162,130,160,139,157,146,153,150,150,155,143,76,145,82,140,89,138,97,137,107,136,118,136,128,135,137,135,144,136,149,138,155,143,120,64,69,145,73,155,79,165,89,176,103,183,120,185,137,182,149,173,157,162,161,151,163,141,69,145,73,136,80,130,89,122,104,116,119,117,133,115,148,120,155,127,160,133,163,141,77,144,83,152,89,156,97,160,107,163,120,164,132,162,140,158,147,154,150,150,155,141,77,144,83,138,90,135,98,133,108,132,119,131,129,131,137,131,144,133,149,135,155,141,119,65,68,146,72,155,78,165,88,176,102,183,120,185,136,182,148,174,156,162,160,152,162,142,68,146,72,137,79,131,88,123,103,118,118,119,133,116,147,121,154,128,159,134,162,142,76,145,83,153,88,157,96,161,106,163,119,164,131,162,139,159,146,154,150,150,154,142,76,145,83,139,90,136,97,134,107,133,118,133,128,132,136,133,143,134,148,136,154,142,117,65,65,145,69,155,75,166,85,177,100,185,118,186,135,183,148,175,156,163,160,152,163,141,65,145,69,136,76,129,85,122,101,116,116,117,132,115,146,119,154,126,160,132,163,141,73,144,80,153,85,158,93,162,104,165,117,166,130,164,139,160,146,155,150,150,155,141,73,144,79,137,87,134,95,132,105,131,116,130,127,130,136,130,143,132,149,135,155,141,117,65,65,145,69,155,75,166,85,177,100,184,118,186,135,183,148,174,156,162,160,152,163,141,65,145,69,136,76,129,85,122,101,116,116,117,131,115,146,119,154,126,159,132,163,141,73,144,80,153,85,158,93,162,104,165,117,166,130,164,139,160,146,155,150,150,155,141,73,144,79,137,87,134,95,132,104,131,116,130,127,130,136,131,143,132,149,135,155,141,117,68,64,147,69,156,75,166,86,175,100,182,118,184,134,180,147,173,156,162,160,152,164,143,64,147,68,139,75,133,85,126,101,120,116,121,131,119,146,123,154,129,160,135,164,143,72,146,79,154,84,157,93,160,104,163,117,163,129,162,139,158,146,154,150,150,156,143,72,146,78,141,86,138,94,136,104,135,116,135,127,134,136,135,144,136,150,138,156,143,117,67,64,145,69,155,75,165,85,176,100,183,117,185,135,181,147,173,155,162,160,152,163,141,64,145,68,136,75,130,85,123,100,117,116,117,131,115,146,120,154,127,160,133,163,141,72,144,79,153,85,157,93,161,104,164,117,164,129,162,139,159,146,154,150,150,155,141,72,144,79,138,86,135,94,133,104,131,116,131,127,131,136,131,143,133,149,135,155,141,117,71,63,147,68,156,75,164,85,174,99,180,117,181,133,178,146,171,154,162,159,153,163,144,63,147,67,140,74,134,84,127,100,122,116,123,131,121,146,125,154,131,160,137,163,144,71,146,78,153,83,156,92,158,103,160,116,161,128,159,138,157,145,153,150,150,155,144,71,146,77,141,85,139,93,138,104,137,115,137,127,136,136,136,143,137,149,139,155,144,118,73,64,147,69,156,75,165,86,175,100,181,117,183,134,180,146,172,155,162,160,152,163,143,64,147,68,139,75,133,85,126,101,121,117,122,132,119,146,124,154,130,160,135,163,143,72,146,79,153,84,157,93,160,104,162,117,163,129,161,139,158,146,154,150,150,155,143,72,146,78,141,85,138,94,136,104,135,116,135,127,135,136,135,144,136,150,138,155,143,117,73,64,148,69,157,75,165,86,174,100,180,118,182,134,179,146,172,155,162,160,152,163,144,64,148,68,141,75,135,85,128,101,122,117,123,131,121,146,125,154,131,160,136,163,144,72,147,79,153,84,156,93,159,104,161,117,161,129,160,138,157,146,153,150,150,155,143,72,147,78,142,85,140,94,138,104,137,116,137,127,136,136,136,143,137,149,139,155,143,119,74,66,148,70,156,77,165,87,174,101,180,118,181,135,178,147,171,155,161,160,152,163,144,66,148,69,140,77,134,86,128,102,122,117,123,132,121,147,125,155,131,160,136,163,144,74,147,80,153,86,156,94,159,105,161,118,161,130,159,139,157,146,153,150,150,155,143,74,147,80,142,87,140,95,138,105,137,117,136,128,136,137,136,144,137,150,139,155,143,118,75,64,149,69,157,76,164,87,173,101,178,118,180,134,177,147,170,155,161,160,152,163,144,64,149,68,142,75,137,85,130,101,125,117,126,132,124,147,127,155,133,161,138,163,144,71,148,78,153,84,155,93,157,104,159,117,159,130,158,139,155,146,152,150,150,156,144,71,148,78,144,85,142,94,141,105,140,117,140,128,139,137,139,144,139,150,140,156,144,117,75,63,150,68,158,75,166,86,174,100,180,117,181,134,178,146,171,155,162,160,153,164,145,63,150,67,143,74,138,84,131,101,126,116,127,131,124,146,128,155,133,161,138,164,145,71,149,78,154,84,156,93,159,104,160,117,161,129,159,139,156,146,153,150,150,156,144,71,149,77,144,85,143,93,141,104,141,116,140,127,140,137,139,144,140,150,141,156,144,117,76,64,151,69,158,76,166,87,174,101,180,118,181,134,178,146,171,155,161,160,153,163,145,64,151,68,144,75,139,85,132,101,127,116,128,131,125,146,129,154,134,160,139,163,145,71,150,78,155,84,157,93,159,104,160,117,160,129,158,138,156,146,153,150,150,155,145,71,150,78,146,85,144,94,143,104,142,116,142,127,141,136,140,144,141,150,142,155,145,117,76,65,151,70,158,76,166,87,174,101,180,118,181,134,178,146,171,155,161,160,153,163,145,65,151,68,144,76,139,85,132,101,127,117,128,131,125,146,128,154,134,160,139,163,145,73,150,79,154,85,157,94,159,104,160,117,160,129,159,139,156,146,153,150,150,156,145,73,150,79,145,86,144,94,142,104,142,116,141,127,141,137,140,144,140,150,141,156,145,115,76,64,151,69,157,76,164,86,172,100,177,117,178,132,175,145,169,154,160,160,153,163,146,64,151,68,145,75,139,84,133,100,127,115,128,130,126,145,130,154,135,160,140,163,146,71,150,78,153,84,155,92,156,103,157,116,157,128,155,138,153,146,151,150,150,156,145,71,150,78,146,85,145,93,143,104,143,115,143,127,142,136,141,144,142,150,142,156,145
308,113,78,60,155,65,162,72,169,82,177,96,182,113,183,128,181,140,174,149,166,154,158,158,150,60,155,64,148,72,143,82,136,97,130,112,131,127,129,141,133,149,139,155,144,158,150,68,154,74,158,80,160,89,162,100,163,112,163,124,162,133,160,141,157,145,155,150,150,68,154,74,150,82,148,90,146,100,145,112,145,122,144,131,144,138,145,144,146,150,150,113,79,58,155,63,162,71,169,82,177,96,182,112,183,128,180,140,174,149,166,154,158,158,150,58,155,63,148,71,143,81,137,97,132,112,133,126,131,141,134,149,140,155,144,158,150,66,154,73,158,79,160,88,161,99,163,112,163,124,162,133,160,140,157,145,155,150,150,66,154,72,150,80,148,89,147,100,147,111,147,122,146,131,146,138,146,144,147,150,150,112,77,57,155,62,163,69,172,80,181,94,187,112,189,128,186,141,179,149,169,154,160,157,150,57,155,61,147,69,141,79,135,95,129,111,130,126,128,140,132,148,138,154,143,157,150,65,154,72,160,78,163,87,166,98,168,111,169,123,167,133,164,140,161,144,157,150,150,65,154,72,149,79,147,88,145,98,144,110,144,121,143,130,143,138,144,144,146,150,150,113,77,59,155,64,164,71,173,81,182,96,188,113,189,130,186,142,179,150,169,155,159,158,150,59,155,63,147,71,141,81,134,97,128,112,129,127,127,141,131,149,137,155,143,158,150,67,154,74,161,80,164,89,167,99,169,113,169,125,167,134,164,141,161,145,157,150,150,67,154,74,149,81,146,90,144,100,143,112,143,123,142,132,142,139,143,144,145,150,150,112,77,58,155,63,164,70,173,80,183,95,189,112,191,129,188,142,180,150,169,155,159,158,150,58,155,62,147,70,141,79,134,96,128,111,129,126,126,141,130,149,136,155,142,158,150,66,154,73,161,79,165,88,168,98,170,112,171,124,169,134,165,141,161,145,158,150,150,66,154,72,148,80,146,89,144,99,143,111,142,122,142,131,142,138,143,144,145,150,150,112,77,58,155,63,165,70,174,80,184,95,190,113,191,129,188,142,181,150,170,155,160,158,150,58,155,62,147,70,141,79,134,96,128,111,129,127,126,141,130,149,136,155,142,158,150,66,154,73,162,79,165,88,169,99,171,112,171,124,169,134,166,141,162,145,158,150,150,66,154,73,149,80,146,89,144,99,143,111,142,122,142,131,142,138,143,144,145,150,150,112,77,58,156,62,165,69,174,80,184,95,190,113,191,130,188,142,180,151,170,155,160,158,150,58,156,62,147,69,141,79,134,95,128,112,129,127,126,142,130,150,136,155,142,158,150,66,155,73,162,79,165,88,168,99,171,112,171,125,169,134,166,141,162,145,158,150,150,66,155,72,149,80,146,88,144,99,143,111,142,122,142,132,142,139,143,144,145,150,150,112,74,57,156,61,165,68,175,79,185,94,192,112,194,130,190,143,182,151,171,156,161,159,150,57,156,61,147,68,140,78,133,95,126,111,127,126,125,141,129,150,136,155,142,159,150,65,155,72,163,78,167,87,170,98,172,112,173,124,171,134,167,141,163,145,159,150,150,65,155,71,149,79,146,88,143,98,142,111,141,122,141,131,141,138,142,144,145,150,150,112,74,56,155,61,164,68,174,79,184,94,190,112,191,129,188,142,180,150,170,155,160,158,150,56,155,61,147,68,140,78,133,94,127,111,128,126,125,141,130,149,136,155,142,158,150,64,154,72,161,77,165,86,168,98,170,111,171,124,169,133,166,140,162,144,158,150,150,64,154,71,148,79,146,87,144,98,143,110,142,121,141,131,142,138,143,144,145,150,150,112,74,57,155,61,165,68,174,79,184,94,191,112,192,129,189,142,181,151,170,155,160,158,150,57,155,61,147,68,140,78,133,95,127,111,128,126,125,141,130,149,136,155,142,158,150,65,154,72,162,78,165,87,169,98,171,112,172,124,170,134,166,141,162,145,158,150,150,65,154,71,148,79,146,88,144,98,142,110,142,122,141,131,141,138,143,144,145,150,150,112,75,56,156,61,165,68,175,79,185,94,191,112,193,129,189,142,182,151,171,155,160,158,150,56,156,60,147,68,141,78,134,95,128,111,128,126,126,141,130,149,136,155,142,158,150,64,155,71,162,77,166,87,170,98,172,112,172,124,170,134,167,141,163,145,158,150,150,64,155,71,149,79,146,88,144,98,143,110,142,122,142,131,142,138,143,144,145,150,150,111,75,56,155,61,165,68,175,79,186,94,193,112,194,130,191,142,183,151,171,155,160,158,150,56,155,60,147,68,140,78,133,94,127,111,128,126,125,141,129,149,136,155,142,158,150,64,154,71,163,77,167,86,171,98,173,112,174,124,172,134,168,141,163,145,159,150,150,64,154,71,148,79,145,87,143,98,142,110,141,122,141,131,141,138,142,144,144,150,150,111,76,56,155,61,165,68,175,79,186,94,192,112,194,129,190,142,182,151,171,155,160,158,150,56,155,60,147,68,140,78,133,94,127,110,128,126,125,141,129,149,136,155,142,158,150,64,154,71,163,77,167,86,171,97,173,111,174,124,172,134,168,141,163,145,159,150,150,64,154,71,148,78,145,87,143,98,142,110,141,121,141,131,141,138,142,144,144,150,150,111,76,56,156,61,165,68,175,79,186,94,192,112,194,129,190,142,182,150,171,155,161,158,150,56,156,60,147,68,141,78,134,94,128,111,129,126,126,141,130,149,136,155,142,158,150,64,155,71,163,77,167,86,171,97,173,111,174,124,172,133,168,141,163,145,159,150,150,64,155,71,149,78,146,87,144,98,143,110,142,121,141,131,141,138,143,144,145,150,150,110,76,56,156,61,165,68,175,79,185,94,191,112,193,129,189,142,181,150,170,155,160,158,150,56,156,60,148,68,141,78,134,94,128,110,129,125,126,140,131,149,137,155,143,158,150,64,155,71,163,77,166,86,170,97,172,111,172,124,170,133,167,141,163,145,159,150,150,64,155,71,149,78,146,87,144,98,143,110,143,121,142,131,142,138,143,144,145,150,150,110,76,56,156,61,165,68,175,79,185,94,191,112,192,129,189,142,181,150,170,155,160,158,150,56,156,60,147,68,141,78,134,94,128,110,129,125,126,140,130,149,137,155,142,158,150,64,155,71,162,77,166,86,169,97,172,111,172,124,170,133,167,141,163,145,158,150,150,64,155,70,149,78,146,87,144,98,143,110,142,121,142,131,142,138,143,144,145,150,150,110,75,56,155,61,165,68,176,78,186,93,193,112,195,129,191,142,183,150,172,155,161,158,150,56,155,60,146,68,140,77,132,94,126,110,127,125,125,140,129,148,136,154,142,158,150,64,154,71,163,77,167,86,171,97,174,111,175,124,173,133,169,140,164,144,160,150,150,64,154,71,148,78,145,87,142,97,141,110,141,121,140,130,140,137,142,144,144,150,150,111,75,56,155,61,166,68,176,78,187,93,194,112,196,129,192,142,184,151,172,155,161,159,150,56,155,60,146,68,140,78,133,94,127,110,128,126,125,141,130,149,136,155,142,159,150,64,154,71,163,77,168,86,172,97,175,111,176,124,174,134,170,141,165,145,160,150,150,64,154,71,148,78,145,87,143,98,142,110,141,121,140,131,141,138,142,144,144,150,150,112,76,60,155,64,166,71,177,81,189,95,196,114,198,131,194,144,186,152,173,156,162,159,150,60,155,64,145,71,139,80,131,96,126,112,126,127,124,142,128,150,135,155,141,159,150,68,154,75,164,80,169,89,174,99,177,113,178,125,176,135,172,141,166,145,161,150,150,68,154,74,147,81,144,90,141,100,140,112,139,123,139,132,139,139,141,144,144,150,150,112,75,58,154,63,166,69,177,80,189,94,196,113,198,130,194,143,185,151,173,155,161,158,149,58,154,62,145,69,138,79,131,95,125,111,125,127,123,142,127,149,134,155,140,158,149,67,154,74,164,79,169,88,174,99,177,112,178,125,175,134,171,141,166,145,160,150,150,67,154,73,146,80,143,89,140,99,139,111,139,122,138,131,138,138,140,144,143,150,150,113,77,60,155,65,166,71,177,81,188,96,196,114,197,131,194,143,185,151,173,155,161,158,150,60,155,64,146,71,140,80,133,96,127,112,127,127,125,142,129,149,136,155,142,158,150,69,154,75,164,81,169,89,173,100,176,113,177,125,175,134,171,141,166,145,160,150,150,69,154,75,147,82,144,90,142,100,141,112,140,123,140,131,140,138,142,144,144,150,150,113,76,60,154,65,165,71,176,81,187,96,194,114,196,131,193,144,184,151,172,156,161,159,150,60,154,64,145,71,138,81,131,96,126,112,126,127,124,142,129,150,135,155,141,159,150,69,153,75,163,81,168,89,172,100,175,113,176,126,174,135,170,141,165,145,160,150,150,69,153,75,146,82,143,90,141,100,140,112,140,123,139,132,140,139,141,144,144,150,150,114,75,63,154,67,164,73,174,83,185,98,192,115,194,132,191,144,182,152,171,156,161,159,151,63,154,67,146,74,140,83,132,98,127,114,128,128,126,142,130,150,136,155,142,159,151,71,153,78,162,83,166,91,170,101,172,114,173,126,171,135,168,142,163,146,159,150,150,71,153,77,147,84,145,92,143,102,142,113,141,124,141,132,141,139,143,145,145,150,150,113,74,62,154,66,164,72,174,82,185,97,192,114,194,131,190,143,182,151,170,155,160,158,150,62,154,66,145,73,139,82,132,97,126,113,127,127,125,142,129,149,136,155,141,158,150,70,153,76,161,82,165,90,170,100,172,113,173,126,171,135,167,141,163,145,158,150,150,70,153,76,147,83,144,91,142,101,141,112,141,123,140,132,141,138,142,144,144,150,150,114,73,64,154,68,163,74,173,84,183,98,190,115,192,131,189,144,181,152,170,156,160,158,150,64,154,68,145,74,139,83,132,98,126,114,127,128,125,142,129,150,136,155,142,158,150,72,152,78,160,83,164,91,168,102,171,114,172,126,170,135,166,142,162,146,158,150,150,72,152,78,147,85,144,93,142,102,141,113,141,124,140,132,141,139,142,144,144,150,150,114,75,63,154,67,164,74,173,83,184,97,190,115,192,131,189,143,181,151,170,155,160,158,151,63,154,67,146,74,140,83,134,98,128,113,129,128,127,142,131,150,137,155,143,158,151,71,153,77,161,83,165,91,168,101,171,114,172,126,170,135,166,142,162,145,158,150,150,71,153,77,148,84,146,92,144,102,143,113,143,124,142,132,143,139,144,144,145,150,150,114,75,62,154,67,163,73,172,83,182,97,189,114,190,130,187,143,180,151,169,155,159,158,150,62,154,66,146,73,140,83,133,98,128,113,129,128,126,142,131,149,137,155,142,158,150,70,152,77,160,82,163,90,167,101,169,114,170,125,168,134,165,141,161,145,157,150,150,70,152,77,147,84,145,92,144,102,143,113,143,123,142,132,142,139,143,144,145,150,150,115,76,63,154,67,163,73,173,83,183,97,189,114,191,131,188,143,180,151,169,155,160,158,151,63,154,67,147,74,141,83,134,98,129,113,130,128,127,142,132,149,138,155,143,158,151,71,153,77,160,82,164,91,167,101,169,114,170,125,168,134,165,141,161,145,158,150,150,71,153,77,148,84,146,92,145,102,144,113,144,123,143,132,143,139,144,144,146,150,150,115,73,64,154,68,164,74,174,84,185,98,192,115,194,132,191,144,182,152,171,156,160,158,150,64,154,68,145,75,139,84,131,99,125,114,126,128,124,142,129,150,136,155,142,158,150,72,153,78,161,84,165,92,169,102,172,115,173,127,171,135,167,142,163,145,158,150,150,72,153,78,147,85,144,93,142,103,141,114,140,124,140,132,140,139,142,144,144,150,150,115,73,64,154,68,163,74,173,84,184,98,191,116,193,132,190,144,182,152,170,156,160,158,150,64,154,68,145,75,139,84,132,99,126,114,127,129,124,143,129,150,136,155,142,158,150,72,153,79,161,84,165,92,169,102,171,115,172,127,170,135,167,142,162,146,158,150,150,72,153,79,147,86,144,94,142,103,141,114,141,124,140,132,141,139,142,144,144,150,150,112,74,60,154,64,164,70,175,80,186,95,194,113,195,130,192,143,184,151,172,155,161,158,150,60,154,64,145,71,138,80,131,96,125,111,126,127,124,141,128,149,135,154,141,158,150,68,153,75,162,80,167,88,171,99,174,112,175,125,173,134,169,141,164,145,159,150,150,68,153,74,146,82,143,90,141,100,140,111,139,122,139,131,139,138,141,144,144,150,150,112,74,60,154,64,164,70,175,80,186,95,193,113,195,130,192,143,183,151,172,155,161,158,150,60,154,64,145,71,138,80,131,95,125,111,126,126,124,141,128,149,135,154,141,158,150,68,153,75,162,80,167,88,171,99,174,112,175,125,173,134,169,141,164,145,159,150,150,68,153,74,146,81,143,90,141,99,140,111,140,122,139,131,140,138,141,144,144,150,150,110,75,58,154,63,163,69,173,80,182,94,189,112,191,128,187,141,180,149,169,154,159,158,150,58,154,62,146,69,140,79,133,95,127,110,128,125,126,140,130,148,136,154,142,158,150,66,153,73,161,78,164,87,167,98,170,111,170,123,169,133,165,140,161,144,157,150,150,66,153,72,148,80,145,88,143,98,142,110,142,121,141,130,141,137,143,144,145,150,150,112,76,59,154,64,164,70,174,80,185,95,192,113,194,130,190,142,182,150,171,155,161,158,150,59,154,63,145,70,139,80,131,95,126,111,126,126,124,141,129,149,136,155,142,158,150,67,153,74,162,80,166,88,170,99,172,112,173,124,171,134,168,141,163,145,159,150,150,67,153,74,147,81,144,89,142,99,140,111,140,122,140,131,140,138,142,144,144,150,150,112,77,58,153,63,162,70,170,80,180,94,186,112,187,128,184,141,177,149,167,154,159,158,150,58,153,62,146,69,140,79,133,95,128,111,129,126,127,140,131,149,137,155,143,158,150,66,152,73,159,78,161,87,164,98,166,111,167,123,165,133,163,140,159,145,156,150,150,66,152,72,147,80,145,88,144,98,143,110,143,122,142,131,142,138,143,144,145,150,150,113,80,59,154,64,163,70,172,81,182,95,188,112,190,129,187,141,179,150,169,155,159,158,150,59,154,63,146,70,140,80,133,96,128,112,129,127,126,141,131,149,137,155,142,158,150,67,153,74,160,79,164,88,167,99,169,112,170,124,168,134,165,141,161,145,157,150,150,67,153,73,148,80,145,89,143,99,142,111,142,122,141,132,142,139,143,145,145,150,150,112,80,59,155,64,164,70,172,81,181,95,187,112,189,129,186,141,179,150,169,155,159,158,151,59,155,63,148,70,142,80,135,96,129,112,130,126,128,141,132,149,138,155,143,158,151,67,154,74,160,79,163,88,166,99,168,112,168,124,167,133,164,141,160,145,157,150,150,67,154,73,149,80,147,89,145,99,144,111,144,122,143,131,143,138,144,144,146,150,150,114,81,61,155,65,163,72,172,82,181,96,187,113,188,130,185,142,178,150,168,155,159,158,151,61,155,64,147,72,142,81,135,97,129,112,130,127,128,142,132,150,138,155,143,158,151,69,154,75,160,81,163,89,166,100,168,113,168,125,166,134,164,141,160,145,157,150,150,69,154,75,149,82,147,90,145,100,144,112,144,123,143,132,143,139,144,145,146,150,150,112,81,58,155,63,163,70,170,81,179,95,184,112,186,128,183,141,176,149,167,154,158,157,150,58,155,62,148,69,143,79,136,95,131,111,132,126,130,141,133,149,139,154,144,157,150,65,154,72,159,78,161,87,163,98,165,111,165,123,164,133,161,140,158,144,156,150,150,65,154,72,150,79,148,88,147,99,146,111,146,122,145,131,145,138,145,144,146,150,150,111,80,57,155,62,163,69,171,80,179,94,185,111,186,128,183,140,176,149,167,154,158,158,150,57,155,61,148,68,143,78,136,95,131,110,132,125,129,140,133,149,138,155,143,158,150,65,154,72,159,78,162,87,164,98,165,111,166,123,164,133,161,140,158,144,155,150,150,65,154,71,149,79,148,87,147,98,146,110,146,121,145,131,144,138,145,144,146,150,150,112,81,59,156,64,163,71,171,82,179,96,185,113,186,129,183,141,176,150,166,155,158,158,150,59,156,63,149,70,144,80,137,96,132,111,133,126,130,141,134,149,139,155,144,158,150,66,155,73,159,79,162,88,164,99,165,112,165,124,163,133,161,141,158,145,155,150,150,66,155,73,151,80,149,89,148,99,147,111,147,122,146,131,145,139,146,145,147,150,150,111,81,59,156,64,163,70,171,81,179,95,185,112,186,128,183,140,176,149,166,154,158,157,150,59,156,62,149,70,144,79,137,95,132,111,133,125,130,140,133,148,139,154,144,157,150,67,155,73,159,79,162,88,164,98,165,111,165,123,164,133,161,140,158,144,155,150,150,67,155,73,150,80,149,88,147,99,147,110,146,121,145,131,145,138,145,144,146,150,150,109,81,58,156,63,162,69,169,80,177,94,182,111,183,126,180,139,174,148,165,154,158,157,151,58,156,61,150,69,144,78,138,94,132,109,133,124,131,139,135,148,140,154,145,157,151,65,155,72,158,78,160,86,161,97,162,110,162,122,161,132,158,140,156,144,155,150,150,65,155,72,151,79,150,87,148,98,148,109,147,121,147,130,146,138,147,144,147,150,150
78,195,74,142,151,147,158,154,165,164,173,178,178,195,179,210,177,222,170,231,162,236,154,240,146,142,151,146,144,154,138,164,132,179,126,194,127,209,125,223,129,231,135,237,140,240,146,150,150,156,154,162,156,171,158,182,159,194,159,206,158,215,156,223,153,227,151,232,146,150,150,156,146,164,144,172,142,182,141,194,141,204,140,213,140,220,141,226,142,232,146,197,75,142,151,147,158,155,165,166,173,180,178,196,179,212,176,224,170,233,162,238,154,242,146,142,151,147,144,154,139,165,133,181,128,196,129,210,127,224,130,233,136,239,140,242,146,150,150,157,154,163,156,172,157,183,159,196,159,208,158,217,155,224,153,229,151,234,146,150,150,156,146,164,144,173,143,183,143,195,143,206,142,215,142,222,142,228,143,234,146,197,72,142,151,147,159,154,168,164,177,179,183,197,185,213,182,226,175,234,165,239,156,242,146,142,151,146,143,154,137,164,131,180,125,196,126,211,124,225,128,233,134,239,139,242,146,150,150,157,156,163,159,172,162,183,164,196,165,208,163,218,160,225,157,229,153,235,146,150,150,157,145,164,143,173,141,183,140,195,140,206,139,215,139,223,140,229,142,235,146,196,73,142,151,147,160,154,169,164,178,179,184,196,185,213,182,225,175,233,165,238,155,241,146,142,151,146,143,154,137,164,130,180,124,195,125,210,123,224,127,232,133,238,138,241,146,150,150,157,157,163,160,172,163,182,165,196,165,208,163,217,160,224,157,228,153,233,146,150,150,157,145,164,142,173,140,183,139,195,139,206,138,215,138,222,139,227,141,233,146,196,73,142,151,147,160,154,169,164,179,179,185,197,187,213,184,226,176,234,165,239,155,242,146,142,151,146,143,154,137,163,130,180,124,195,125,210,122,225,126,233,132,239,138,242,146,150,150,157,157,163,161,172,164,183,166,196,167,208,165,218,161,225,157,229,154,234,146,150,150,156,144,164,142,173,140,183,139,195,138,206,138,215,138,222,139,228,141,234,146,196,73,142,151,147,161,154,170,164,180,179,186,197,187,213,184,226,177,234,166,239,156,242,146,142,151,146,143,154,137,163,130,180,124,195,125,210,122,225,126,233,132,239,138,242,146,150,150,157,158,163,161,172,165,183,167,196,167,208,165,218,162,225,158,229,154,234,146,150,150,157,145,164,142,173,140,183,139,195,138,206,138,215,138,222,139,228,141,234,146,196,73,142,152,146,161,153,170,164,180,179,186,197,187,214,184,226,176,235,166,239,156,242,146,142,152,146,143,153,137,163,130,179,124,196,125,211,122,226,126,234,132,239,138,242,146,150,150,157,158,163,161,172,164,183,166,196,167,209,165,218,162,225,158,229,154,234,146,150,150,156,145,164,142,172,140,183,139,195,138,206,138,216,138,223,139,229,141,234,146,197,69,142,151,146,161,153,170,164,180,179,187,197,189,215,185,228,177,236,166,241,156,244,145,142,151,146,142,153,135,163,128,180,122,196,122,211,120,226,124,235,131,240,137,244,145,150,150,157,158,163,162,172,165,183,167,197,168,209,166,219,162,226,158,230,154,235,145,150,150,156,144,164,141,173,138,183,137,196,136,207,136,216,136,223,138,229,140,235,145,198,70,142,151,147,160,154,170,165,180,180,186,198,188,215,184,228,177,236,166,241,156,244,146,142,151,146,143,154,136,164,129,180,123,197,124,212,121,227,126,235,132,241,138,244,146,150,150,158,157,163,161,172,164,184,166,197,167,210,165,219,162,226,158,231,154,236,146,150,150,157,144,165,142,173,140,184,139,196,138,207,137,217,138,224,139,230,141,236,146,197,71,142,151,146,161,153,170,164,180,179,187,197,188,214,185,227,177,236,166,240,156,243,146,142,151,146,143,153,136,163,129,180,123,196,124,211,121,226,126,234,132,240,138,243,146,150,150,157,158,163,161,172,165,183,167,197,168,209,166,219,162,226,158,230,154,235,146,150,150,156,144,164,142,173,140,183,138,196,138,207,137,216,137,223,139,229,141,235,146,198,70,142,151,147,160,154,170,165,180,180,186,198,188,216,185,228,177,237,166,241,155,244,145,142,151,146,142,154,136,164,129,181,123,197,123,212,121,227,125,235,131,241,137,244,145,150,150,157,157,163,161,173,165,184,167,198,168,210,165,220,162,227,158,231,154,236,145,150,150,157,144,165,141,174,139,184,138,197,137,208,137,217,137,224,138,230,140,236,145,197,71,142,151,147,161,154,172,165,182,180,189,198,190,216,187,228,179,237,167,241,156,244,146,142,151,147,143,154,136,164,129,181,123,197,124,212,121,227,125,235,132,241,138,244,146,150,150,158,159,163,163,173,167,184,169,198,170,210,168,220,164,227,159,231,155,236,146,150,150,157,144,165,141,174,139,184,138,196,137,208,137,217,137,224,138,230,140,236,146,197,72,142,151,147,161,154,171,165,181,180,188,198,190,215,186,228,178,237,167,241,156,245,146,142,151,146,143,154,136,164,129,180,123,196,124,212,121,227,126,235,132,241,138,245,146,150,150,157,159,163,163,172,167,183,169,197,170,210,168,220,164,227,159,231,155,236,146,150,150,156,144,164,141,173,139,184,138,196,137,207,137,217,137,224,138,230,140,236,146,197,71,142,151,147,160,154,170,165,181,180,187,198,189,215,185,228,177,236,166,241,156,244,145,142,151,146,142,154,136,164,129,180,123,197,124,212,121,227,125,235,131,241,137,244,145,150,150,157,158,163,162,172,166,184,168,197,169,210,167,219,163,227,158,231,154,236,145,150,150,157,144,164,141,173,139,184,138,196,137,207,137,217,137,224,138,230,140,236,145,196,71,142,151,147,160,154,170,165,180,180,186,198,188,215,184,228,176,236,166,241,155,244,145,142,151,146,143,154,136,164,129,180,123,196,124,211,121,226,125,235,132,241,137,244,145,150,150,157,158,163,161,172,165,183,167,197,168,210,165,219,162,227,158,231,154,236,145,150,150,157,144,164,141,173,139,184,138,196,137,207,137,217,137,224,138,230,140,236,145,196,71,142,151,147,160,154,170,165,180,180,186,198,187,215,184,228,176,236,165,241,155,244,145,142,151,146,142,154,136,164,129,180,123,196,124,212,121,226,125,235,132,241,137,244,145,150,150,157,157,163,161,172,165,183,167,197,167,210,165,219,162,227,158,231,153,236,145,150,150,156,144,164,141,173,139,184,138,196,138,207,137,217,137,224,138,230,140,236,145,196,71,142,151,147,161,154,172,165,182,179,189,198,191,215,187,228,179,236,168,241,157,244,146,142,151,146,142,154,136,163,128,180,122,196,123,211,121,226,125,234,132,240,138,244,146,150,150,157,159,163,163,172,167,183,170,197,171,210,169,219,165,226,160,230,156,235,146,150,150,157,144,164,141,173,138,183,137,196,137,207,136,216,136,223,138,229,140,235,146,197,71,142,151,147,162,154,172,164,183,179,190,198,192,215,188,228,180,237,168,241,157,245,146,142,151,146,142,154,136,163,129,180,123,196,124,212,121,227,126,235,132,241,138,245,146,150,150,157,159,163,164,172,168,183,171,197,172,210,170,220,166,227,161,231,156,236,146,150,150,157,144,164,141,173,139,183,137,196,137,207,136,217,137,224,138,230,140,236,146,194,72,142,151,146,162,153,173,163,185,177,192,196,194,213,190,226,182,234,169,238,158,241,146,142,151,146,141,153,135,162,127,178,122,194,122,209,120,224,124,232,131,237,137,241,146,150,150,157,160,162,165,171,170,181,173,195,174,207,172,217,168,223,162,227,157,232,146,150,150,156,143,163,140,172,137,182,136,194,135,205,135,214,135,221,137,226,140,232,146,195,72,141,151,146,163,152,174,163,185,177,193,196,195,213,191,226,182,234,170,238,158,241,146,141,151,145,142,152,135,162,128,178,122,194,122,210,120,225,124,232,131,238,137,241,146,150,150,157,161,162,166,171,171,181,174,195,175,208,172,217,168,224,163,228,157,233,147,150,150,156,143,163,140,172,137,182,136,194,136,205,135,214,135,221,137,227,140,233,147,194,73,141,151,146,162,152,173,162,184,177,192,195,193,212,190,224,181,232,169,236,157,239,146,141,151,145,142,152,136,161,129,177,123,193,123,208,121,223,125,230,132,236,138,239,146,150,150,156,160,162,165,170,169,181,172,194,173,206,171,215,167,222,162,226,156,231,146,150,150,156,144,163,140,171,138,181,137,193,136,204,136,213,136,219,138,225,140,231,146,194,73,141,151,146,162,152,173,162,184,177,191,195,193,212,190,225,181,232,169,237,158,240,147,141,151,145,142,152,136,162,128,177,123,193,123,208,121,223,126,231,132,236,138,240,147,150,150,156,160,162,165,170,169,181,172,194,173,207,171,216,167,222,162,226,157,231,147,150,150,156,143,163,141,171,138,181,137,193,137,204,136,213,137,220,138,225,141,231,147,193,72,142,151,146,161,152,171,162,182,177,189,194,191,211,188,223,179,231,168,235,158,238,148,142,151,146,143,153,137,162,130,177,124,193,125,207,123,221,127,229,133,234,139,238,148,150,150,157,159,162,163,170,167,181,170,193,170,206,168,214,165,221,160,225,156,229,147,150,150,156,144,163,142,171,140,181,139,192,138,203,138,211,138,218,140,224,142,229,147,193,71,142,151,146,161,152,171,162,182,177,189,194,191,211,187,223,179,231,167,235,157,238,147,142,151,146,142,153,136,162,129,177,123,193,124,207,122,222,126,229,133,235,138,238,147,150,150,157,158,162,162,170,167,180,169,193,170,206,168,215,164,221,160,225,155,230,146,150,150,156,144,163,141,171,139,181,138,192,138,203,137,212,137,218,139,224,141,230,146,192,71,142,152,146,161,152,171,162,181,176,188,193,190,210,187,222,179,230,168,234,158,236,148,142,152,146,143,152,137,161,130,176,124,192,125,206,123,220,127,228,134,233,140,236,148,150,150,156,158,161,162,169,166,180,169,192,169,204,168,213,164,220,160,224,156,228,148,150,150,156,145,163,142,171,140,180,139,191,139,202,138,210,139,217,140,223,142,228,148,193,72,142,151,146,161,152,170,162,181,176,188,194,189,210,186,222,178,230,167,234,157,237,148,142,151,146,143,153,137,162,131,177,125,192,126,207,124,221,128,229,134,234,140,237,148,150,150,156,158,162,162,170,165,180,168,193,169,205,167,214,163,221,159,224,155,229,147,150,150,156,145,163,143,171,141,181,140,192,140,203,139,211,139,218,141,223,142,229,147,194,72,142,152,147,161,153,170,163,180,177,187,194,188,211,185,223,178,231,167,235,157,238,148,142,152,146,144,154,138,163,131,178,126,193,127,208,124,222,129,229,135,235,140,238,148,150,150,157,158,162,161,170,165,181,167,194,168,206,166,215,163,221,159,225,155,230,148,150,150,157,145,164,143,172,142,182,141,193,141,203,140,212,140,219,141,224,143,230,148,194,73,142,151,146,160,152,170,162,180,176,186,193,188,209,185,222,177,230,166,234,157,237,148,142,151,146,144,153,138,162,131,177,126,192,127,207,124,221,129,228,135,234,140,237,148,150,150,156,157,161,161,170,164,180,166,193,167,204,165,213,162,220,158,224,155,229,148,150,150,156,145,163,143,171,142,181,141,192,141,202,140,211,140,218,141,223,143,229,148,193,70,142,151,146,161,152,171,162,182,176,189,193,191,210,188,222,179,230,168,234,157,236,147,142,151,146,142,153,136,161,128,177,122,192,123,206,121,220,126,228,133,233,139,236,147,150,150,156,158,162,162,170,166,180,169,193,170,205,168,213,164,220,160,223,155,228,147,150,150,156,144,163,141,171,139,181,138,192,137,202,137,210,137,217,139,222,141,228,147,193,70,142,151,146,160,152,170,162,181,176,188,194,190,210,187,222,179,230,167,234,157,236,147,142,151,146,142,153,136,162,128,177,123,192,124,207,121,221,126,228,133,233,139,236,147,150,150,157,158,162,162,170,166,180,168,193,169,205,167,213,164,220,159,224,155,228,147,150,150,157,144,164,141,171,139,181,138,192,138,202,137,210,138,217,139,222,141,228,147,194,71,142,151,146,161,152,172,162,183,177,191,195,193,212,189,225,181,233,169,237,158,240,147,142,151,146,142,153,135,162,128,178,122,193,123,209,121,223,125,231,132,237,138,240,147,150,150,157,159,162,164,170,168,181,171,194,172,207,170,216,166,223,161,227,156,232,147,150,150,156,143,164,140,172,138,182,137,193,136,204,136,213,136,220,138,226,141,232,147,194,71,142,151,146,161,152,172,162,183,177,190,195,192,212,189,225,180,233,169,237,158,240,147,142,151,146,142,153,135,162,128,178,122,193,123,208,121,223,125,231,132,236,138,240,147,150,150,157,159,162,164,170,168,181,171,194,172,207,170,216,166,223,161,227,156,232,147,150,150,156,143,163,140,172,138,181,137,193,136,204,136,213,137,220,138,226,141,232,147,195,72,142,151,147,160,153,170,164,179,178,186,196,187,212,184,225,177,234,166,238,156,242,147,142,151,146,143,153,137,163,130,179,124,194,125,209,123,224,127,232,133,238,139,242,147,150,150,157,158,162,161,171,164,182,167,195,167,207,165,217,162,224,158,228,154,234,147,150,150,156,145,164,142,172,140,182,139,194,139,205,138,214,139,222,140,228,142,234,147,195,73,142,151,147,161,153,171,163,182,178,189,195,191,213,187,225,179,233,168,238,158,241,147,142,151,146,142,153,136,163,128,178,123,194,123,209,121,224,126,232,133,238,139,241,147,150,150,157,159,163,163,171,167,182,170,195,170,207,168,217,165,224,160,228,156,233,147,150,150,157,144,164,141,172,139,182,137,194,137,205,137,214,137,221,139,227,141,233,147,196,75,142,151,147,160,154,168,164,178,178,184,196,185,212,183,225,175,233,166,238,157,242,148,142,151,146,144,153,138,163,131,179,126,195,127,210,125,224,129,233,135,239,141,242,148,150,150,157,157,162,160,171,162,182,164,195,165,207,163,217,161,224,157,229,154,234,148,150,150,156,145,164,143,172,142,182,141,194,141,206,140,215,140,222,141,228,143,234,148,196,77,142,151,147,160,153,169,164,179,178,185,195,187,212,184,224,176,233,166,238,156,241,147,142,151,146,143,153,137,163,130,179,125,195,126,210,123,224,128,232,134,238,139,241,147,150,150,157,157,162,161,171,164,182,166,195,167,207,165,217,162,224,158,228,154,233,147,150,150,156,145,163,142,172,140,182,139,194,139,205,139,214,139,222,140,228,142,233,147,195,76,142,151,147,160,153,168,164,177,178,183,195,185,212,182,224,175,233,165,238,156,241,147,142,151,146,144,153,138,163,131,179,125,195,126,209,124,224,128,232,134,238,139,241,147,150,150,157,156,162,159,171,162,182,164,195,164,207,163,216,160,224,156,228,153,233,146,150,150,156,145,163,143,172,141,182,140,194,140,205,139,214,139,221,140,227,142,233,146,195,77,142,151,146,159,153,168,163,177,177,183,194,184,211,181,223,174,231,164,236,155,239,147,142,151,145,143,153,138,162,131,178,125,193,126,208,124,223,128,231,134,236,139,239,147,150,150,156,156,162,159,170,162,181,164,194,164,206,162,215,160,222,156,226,153,231,146,150,150,156,145,163,143,171,141,181,140,193,140,204,139,213,139,220,140,226,142,231,146,197,77,143,151,148,159,155,167,166,175,180,180,197,182,213,179,226,172,234,163,239,154,242,146,143,151,147,144,154,139,164,132,180,127,196,128,211,126,226,129,234,135,239,140,242,146,150,150,157,155,163,157,172,159,183,161,196,161,208,160,218,157,225,154,229,152,235,146,150,150,157,146,164,144,173,143,184,142,196,142,207,141,216,141,223,141,229,142,235,146,196,76,142,151,147,159,154,167,165,175,179,181,196,182,213,179,225,172,234,163,239,154,243,146,142,151,146,144,154,139,163,132,180,127,195,128,210,125,225,129,234,134,240,139,243,146,150,150,157,155,163,158,172,160,183,161,196,162,208,160,218,157,225,154,229,151,235,146,150,150,156,145,164,144,172,143,183,142,195,142,206,141,216,140,223,141,229,142,235,146,196,76,143,151,148,158,155,166,165,174,180,180,197,181,213,178,225,171,234,161,239,153,242,145,143,151,147,144,154,139,164,132,180,127,195,128,210,125,225,129,233,134,239,139,242,145,150,150,157,154,163,157,172,159,183,160,196,160,208,158,217,156,225,153,229,150,234,145,150,150,157,145,164,144,173,143,183,142,195,142,206,141,215,140,223,141,229,142,234,145,194,76,142,151,146,158,153,166,164,174,178,180,195,181,211,178,223,171,232,161,237,153,240,145,142,151,145,144,153,139,162,132,178,127,194,128,208,125,223,129,231,134,237,139,240,145,150,150,156,154,162,157,171,159,181,160,194,160,206,159,216,156,223,153,227,150,233,145,150,150,156,145,163,144,171,142,181,142,193,141,204,141,214,140,221,140,227,141,233,145,194,76,143,151,148,157,155,164,165,172,179,177,196,178,211,175,224,169,233,160,239,153,242,146,143,151,146,145,154,139,163,133,179,127,194,128,209,126,224,130,233,135,239,140,242,146,150,150,157,153,163,155,171,156,182,157,195,157,207,156,217,153,225,151,229,150,235,145,150,150,157,146,164,145,172,143,183,143,194,143,206,142,215,141,223,142,229,142,235,145
191,189,78,136,155,141,162,148,169,158,177,172,182,189,183,204,181,216,174,225,166,230,158,234,150,136,155,140,148,148,142,158,136,173,130,188,131,203,129,217,133,225,139,231,144,234,150,144,154,150,158,156,160,165,162,176,163,188,163,200,162,209,160,217,157,221,155,226,150,144,154,150,150,158,148,166,146,176,145,188,145,198,144,207,144,214,145,220,146,226,150,191,79,136,155,141,162,149,169,160,177,174,182,190,183,206,180,218,174,227,166,232,158,236,150,136,155,141,148,149,143,159,137,175,132,190,133,204,131,218,134,227,140,232,144,236,150,144,154,151,158,157,160,166,161,177,163,190,163,202,162,211,159,218,157,223,155,228,150,144,154,150,150,158,148,167,147,178,147,189,147,200,146,209,146,216,146,222,147,228,150,190,78,135,156,140,164,147,173,157,182,172,188,190,190,206,187,219,180,227,170,232,161,235,152,135,156,139,148,147,142,157,136,173,130,189,131,204,129,218,133,226,139,232,144,235,152,143,155,150,161,156,164,165,167,176,169,189,170,201,168,211,165,218,162,222,158,228,151,143,155,150,150,157,148,166,146,176,145,188,145,199,144,208,144,216,145,222,147,228,151,189,78,135,156,140,165,147,174,157,183,172,189,189,190,206,187,218,180,226,170,231,160,234,151,135,156,139,148,147,142,157,135,173,129,188,130,203,128,217,132,225,138,231,144,234,151,143,155,150,162,156,165,165,168,175,170,189,170,201,168,210,165,217,162,221,158,226,151,143,155,150,150,157,147,166,145,176,144,188,144,199,143,208,143,215,144,220,146,226,151,190,79,136,157,141,166,148,175,158,185,173,191,191,193,207,190,220,182,228,171,233,161,236,152,136,157,140,149,148,143,157,136,174,130,189,131,204,128,219,132,227,138,233,144,236,152,144,156,151,163,157,167,166,170,177,172,190,173,202,171,212,167,219,163,223,160,228,152,144,156,150,150,158,148,167,146,177,145,189,144,200,144,209,144,216,145,222,147,228,152,190,78,136,156,141,166,148,175,158,185,173,191,191,192,207,189,220,181,228,171,233,161,236,151,136,156,140,148,148,142,157,135,174,129,189,130,204,127,219,131,227,137,233,143,236,151,144,155,151,163,157,166,166,170,177,172,190,172,202,170,212,167,219,163,223,159,228,151,144,155,150,150,158,147,167,145,177,144,189,143,200,142,209,143,216,144,222,146,228,151,190,78,136,157,141,166,147,175,158,185,173,191,191,192,208,189,220,181,229,171,233,161,236,151,136,157,140,148,147,142,157,135,174,129,190,130,205,127,220,131,228,137,233,143,236,151,144,156,151,163,157,166,166,169,177,171,190,172,203,170,212,167,219,163,223,159,228,151,144,156,150,150,158,147,166,145,177,144,189,143,200,143,210,143,217,144,223,146,228,151,191,75,135,157,140,167,147,176,158,186,173,193,191,195,209,191,222,183,230,172,235,162,238,151,135,157,140,148,147,141,157,134,174,128,190,128,205,126,220,130,229,137,234,143,238,151,144,156,151,164,157,168,166,171,177,173,191,174,203,172,213,168,220,164,224,160,229,151,144,156,150,150,158,147,167,144,177,143,190,142,201,142,210,142,217,143,223,146,229,151,191,76,135,157,140,166,147,176,158,186,173,192,191,194,208,190,221,183,229,172,234,162,237,152,135,157,140,149,147,142,157,135,173,129,190,130,205,127,220,132,228,138,234,144,237,152,143,156,151,163,156,167,165,170,177,172,190,173,203,171,212,168,219,164,223,160,229,152,143,156,150,150,158,148,166,146,177,145,189,144,200,143,210,144,217,145,223,147,229,152,191,77,136,157,140,167,147,176,158,186,173,193,191,194,208,191,221,183,230,172,234,162,237,152,136,157,140,149,147,142,157,135,174,129,190,130,205,127,220,132,228,138,234,144,237,152,144,156,151,164,157,167,166,171,177,173,191,174,203,172,213,168,220,164,224,160,229,152,144,156,150,150,158,148,167,146,177,144,190,144,201,143,210,143,217,145,223,147,229,152,191,76,135,157,140,166,147,176,158,186,173,192,191,194,209,191,221,183,230,172,234,161,237,151,135,157,139,148,147,142,157,135,174,129,190,129,205,127,220,131,228,137,234,143,237,151,143,156,150,163,156,167,166,171,177,173,191,174,203,171,213,168,220,164,224,160,229,151,143,156,150,150,158,147,167,145,177,144,190,143,201,143,210,143,217,144,223,146,229,151,190,77,135,157,140,167,147,177,158,188,173,195,191,196,209,193,221,185,230,173,234,162,237,152,135,157,140,149,147,142,157,135,174,129,190,130,205,127,220,131,228,138,234,144,237,152,143,156,151,165,156,169,166,173,177,175,191,176,203,174,213,170,220,165,224,161,229,152,143,156,150,150,158,147,167,145,177,144,189,143,201,143,210,143,217,144,223,146,229,152,191,78,136,157,141,167,148,177,159,187,174,194,192,196,209,192,222,184,231,173,235,162,239,152,136,157,140,149,148,142,158,135,174,129,190,130,206,127,221,131,229,138,235,144,239,152,144,156,151,165,157,169,166,172,177,175,191,176,204,173,214,170,221,165,225,161,230,152,144,156,150,150,158,147,167,145,178,144,190,143,201,143,211,143,218,144,224,146,230,152,190,77,135,157,140,166,147,176,158,187,173,193,191,195,208,191,221,183,229,172,234,162,237,151,135,157,139,148,147,142,157,135,173,129,189,130,205,127,220,131,228,137,234,143,237,151,143,156,150,164,156,168,165,172,176,174,190,175,203,173,212,169,220,164,224,160,229,151,143,156,150,150,157,147,166,145,177,144,189,143,200,142,210,143,217,144,223,146,229,151,189,77,135,157,140,166,147,176,158,186,173,192,191,194,208,190,221,182,229,171,234,161,237,151,135,157,139,149,147,142,157,135,173,129,189,130,204,127,219,132,228,138,234,143,237,151,143,156,150,164,156,167,165,171,176,173,190,173,203,171,212,168,220,164,224,160,229,151,143,156,150,150,157,147,166,145,177,144,189,144,200,143,210,143,217,144,223,146,229,151,190,77,136,157,141,166,148,176,159,186,174,192,192,193,209,190,222,182,230,171,235,161,238,151,136,157,140,149,148,142,158,135,174,129,190,130,205,127,220,131,229,138,235,143,238,151,144,156,151,163,157,167,166,170,177,173,191,173,204,171,213,168,221,164,225,159,230,151,144,156,150,150,158,147,167,145,178,144,190,144,201,143,211,143,218,144,224,146,230,151,189,77,135,157,140,167,147,178,157,188,172,195,191,197,208,193,221,185,229,174,234,163,237,152,135,157,139,148,147,142,156,134,173,128,189,129,204,127,219,131,227,138,233,144,237,152,143,156,150,165,156,169,165,173,176,176,190,177,203,175,212,171,219,166,223,162,228,152,143,156,150,150,157,147,166,144,176,143,189,143,200,142,209,142,216,144,222,146,228,152,190,77,135,157,140,168,147,178,157,189,172,196,191,198,208,195,221,186,230,174,234,163,238,152,135,157,139,148,147,142,157,135,173,129,189,130,205,127,220,132,228,138,234,144,238,152,143,156,150,166,156,170,165,174,176,177,190,178,203,176,213,172,220,167,224,162,229,152,143,156,150,150,157,147,166,145,177,144,189,143,200,143,210,143,217,144,223,146,229,152,188,79,136,158,140,169,147,180,157,192,171,199,189,201,207,197,220,189,228,176,232,165,235,153,136,158,140,148,147,142,156,134,172,128,188,129,203,127,218,131,226,138,231,144,235,153,144,157,151,167,156,172,165,177,175,180,189,181,201,179,211,175,217,169,221,164,226,153,144,157,150,150,157,147,166,144,176,143,188,142,199,142,208,142,215,144,220,147,226,153,189,79,135,158,140,170,146,181,157,193,171,200,190,202,207,198,220,189,228,177,232,165,235,153,135,158,139,149,146,142,156,135,172,129,188,129,204,127,219,131,226,138,232,144,235,153,144,157,151,168,156,173,165,178,175,181,189,182,202,179,211,175,218,170,222,164,227,154,144,157,150,150,157,147,166,144,176,143,188,143,199,142,208,142,215,144,221,147,227,154,188,80,135,158,140,169,146,180,156,191,171,199,189,200,206,197,218,188,226,176,230,164,233,153,135,158,139,149,146,143,155,135,171,130,187,130,202,128,217,132,224,139,230,145,233,153,144,157,150,167,156,172,164,176,175,179,188,180,200,178,209,174,216,169,220,163,225,153,144,157,150,150,157,147,165,145,175,144,187,143,198,143,207,143,213,145,219,147,225,153,188,80,135,158,140,169,146,180,156,191,171,198,189,200,206,197,219,188,226,176,231,165,234,154,135,158,139,149,146,142,156,135,171,130,187,130,202,128,217,133,225,139,230,145,234,154,144,157,150,167,156,172,164,176,175,179,188,180,201,178,210,174,216,169,220,164,225,154,144,157,150,150,157,147,165,145,175,144,187,144,198,143,207,144,214,145,219,148,225,154,187,78,136,157,140,167,146,177,156,188,171,195,188,197,205,194,217,185,225,174,229,164,232,154,136,157,140,149,147,143,156,136,171,130,187,131,201,129,215,133,223,139,228,145,232,154,144,156,151,165,156,169,164,173,175,175,187,176,199,174,208,171,215,166,219,162,223,153,144,156,150,150,157,148,165,146,175,145,186,144,197,144,205,144,212,146,218,148,223,153,187,77,136,157,140,167,146,177,156,188,171,195,188,197,205,193,217,185,225,173,229,163,232,153,136,157,140,148,147,142,156,135,171,129,187,130,201,128,216,132,223,139,229,145,232,153,144,156,151,164,156,168,164,173,175,175,187,176,200,174,209,171,215,166,219,161,224,153,144,156,150,150,157,147,166,145,175,144,187,144,197,143,206,144,212,145,218,147,224,153,186,76,136,157,140,166,146,176,156,186,170,193,187,195,203,192,216,184,224,173,228,163,230,153,136,157,140,148,146,142,155,135,170,129,186,130,200,128,214,132,222,139,227,145,230,153,144,155,150,163,155,167,163,171,174,174,186,174,198,173,207,169,214,165,218,161,222,153,144,155,150,150,157,147,165,145,174,144,185,144,196,143,204,144,211,145,216,147,222,153,187,77,136,156,140,166,146,175,156,186,170,192,188,194,204,191,216,183,224,172,228,162,231,153,136,156,140,148,147,142,156,136,171,130,186,131,201,129,215,133,223,139,228,145,231,153,144,155,150,163,156,167,164,170,174,173,187,174,199,172,208,168,215,164,218,160,223,152,144,155,150,150,157,148,165,146,175,145,186,145,197,144,205,144,212,146,217,147,223,152,187,77,135,157,140,166,146,175,156,185,170,192,187,193,203,190,216,183,224,172,228,162,231,153,135,157,139,149,146,143,156,136,171,131,186,132,201,129,215,134,222,140,228,145,231,153,143,155,150,163,155,166,163,170,174,172,187,173,198,171,207,168,214,164,218,160,223,153,143,155,150,150,157,148,165,147,175,146,186,146,196,145,205,145,212,146,217,148,223,153,188,78,136,156,140,165,146,175,156,185,170,191,187,193,204,190,216,182,224,172,228,162,231,153,136,156,140,149,147,143,156,136,171,131,186,132,201,129,215,134,222,140,228,145,231,153,144,155,150,162,155,166,164,169,174,171,187,172,198,170,207,167,214,163,218,160,223,153,144,155,150,150,157,148,165,147,175,146,186,146,196,145,205,145,212,146,217,148,223,153,187,76,136,157,140,167,146,177,156,188,170,195,187,197,204,194,216,185,224,174,228,163,230,153,136,157,140,148,147,142,156,134,171,128,186,129,200,127,214,132,222,139,227,145,230,153,144,156,150,164,156,168,164,172,174,175,187,176,199,174,207,170,214,166,217,161,222,153,144,156,150,150,157,147,165,145,175,144,186,143,196,143,204,143,211,145,216,147,222,153,186,76,135,157,139,166,145,176,155,187,169,194,187,196,203,193,215,185,223,173,227,163,229,153,135,157,139,148,146,142,155,134,170,129,185,130,200,127,214,132,221,139,226,145,229,153,143,156,150,164,155,168,163,172,173,174,186,175,198,173,206,170,213,165,217,161,221,153,143,156,150,150,157,147,165,145,174,144,185,143,195,143,203,144,210,145,215,147,221,153,188,78,136,158,140,168,146,179,156,190,171,198,189,200,206,196,219,188,227,176,231,165,234,154,136,158,140,149,147,142,156,135,172,129,187,130,202,128,217,132,225,139,230,145,234,154,144,157,151,166,156,171,164,175,175,178,188,179,201,177,210,173,217,168,221,163,226,154,144,157,150,150,158,147,166,145,175,144,187,143,198,143,207,143,214,145,220,148,226,154,188,78,136,158,140,168,146,179,156,190,171,197,189,199,206,196,219,187,227,176,231,165,234,154,136,158,140,149,147,142,156,135,172,129,187,130,202,128,217,132,225,139,230,145,234,154,144,157,151,166,156,171,164,175,175,178,188,179,201,177,210,173,217,168,221,163,226,154,144,157,150,150,158,147,166,145,175,144,187,143,198,143,207,144,214,145,220,148,226,154,188,77,136,156,141,165,147,175,158,184,172,191,190,193,206,189,219,182,227,171,232,161,236,152,136,156,140,148,147,142,157,135,173,129,188,130,203,128,218,132,226,138,232,144,236,152,144,155,151,163,156,166,165,169,176,172,189,172,201,171,211,167,218,163,222,160,228,152,144,155,150,150,158,147,166,145,176,144,188,144,199,143,208,143,216,145,222,147,228,152,188,79,135,157,140,167,146,177,156,188,171,195,189,197,206,193,218,185,226,174,231,164,234,153,135,157,139,148,146,142,156,134,171,129,187,129,202,127,217,132,225,139,231,145,234,153,144,156,150,165,156,169,164,173,175,175,188,176,200,174,210,171,217,166,221,162,226,153,144,156,150,150,157,147,165,145,175,143,187,143,198,143,207,143,214,145,220,147,226,153,190,80,136,156,141,165,148,173,158,183,172,189,190,190,206,187,219,180,227,171,232,162,236,153,136,156,140,149,147,143,157,136,173,131,189,132,204,130,218,134,227,140,233,146,236,153,144,155,151,162,156,164,165,167,176,169,189,170,201,168,211,166,218,162,223,159,228,153,144,155,150,150,158,148,166,147,177,146,188,146,200,145,209,145,216,146,222,148,228,153,190,82,136,156,141,165,147,174,158,184,172,190,189,191,206,189,218,181,227,171,232,161,235,152,136,156,140,148,147,142,157,135,173,130,189,131,204,128,218,133,226,139,232,144,235,152,144,155,151,162,156,166,165,169,176,171,189,171,201,170,211,167,218,163,222,159,227,152,144,155,150,150,157,147,166,145,176,144,188,144,199,144,208,144,216,145,222,147,227,152,189,81,136,156,141,165,147,173,158,182,172,188,189,190,206,187,218,180,227,170,232,160,235,152,136,156,140,149,147,143,157,136,173,130,189,131,203,129,218,133,226,139,232,144,235,152,144,155,151,161,156,164,165,167,176,169,189,169,201,168,210,165,218,161,222,158,227,151,144,155,150,150,157,148,166,146,176,145,188,145,199,144,208,144,215,145,221,147,227,151,189,81,136,156,140,164,147,173,157,182,171,188,188,189,205,186,217,179,225,169,230,160,233,152,136,156,139,148,147,142,156,136,172,130,187,131,202,129,217,133,225,139,230,144,233,152,143,155,150,161,156,164,164,167,175,169,188,169,200,167,209,165,216,161,220,158,225,151,143,155,150,150,157,148,165,146,175,145,187,145,198,144,207,144,214,145,220,147,225,151,190,81,136,155,141,163,148,170,159,179,173,184,190,186,206,183,219,176,227,167,232,158,236,150,136,155,140,148,147,143,157,136,173,131,189,132,204,130,219,133,227,139,233,144,236,150,143,154,150,159,156,161,165,163,176,165,189,165,202,164,211,161,218,158,222,156,228,150,143,154,150,150,157,148,166,147,177,146,189,146,200,145,209,145,216,145,222,146,228,150,190,81,136,156,141,164,148,172,159,180,173,186,190,187,207,184,219,177,228,168,233,159,237,151,136,156,140,149,148,144,157,137,174,132,189,133,204,130,219,134,228,139,234,144,237,151,144,155,151,160,157,163,166,165,177,166,190,167,202,165,212,162,219,159,223,156,229,151,144,155,150,150,158,149,166,148,177,147,189,147,200,146,210,145,217,146,223,147,229,151,189,81,136,156,141,163,148,171,158,179,173,185,190,186,206,183,218,176,227,166,232,158,235,150,136,156,140,149,147,144,157,137,173,132,188,133,203,130,218,134,226,139,232,144,235,150,143,155,150,159,156,162,165,164,176,165,189,165,201,163,210,161,218,158,222,155,227,150,143,155,150,150,157,149,166,148,176,147,188,147,199,146,208,145,216,146,222,147,227,150,188,81,136,156,140,163,147,171,158,179,172,185,189,186,205,183,217,176,226,166,231,158,234,150,136,156,139,149,147,144,156,137,172,132,188,133,202,130,217,134,225,139,231,144,234,150,143,155,150,159,156,162,165,164,175,165,188,165,200,164,210,161,217,158,221,155,227,150,143,155,150,150,157,149,165,147,175,147,187,146,198,146,208,145,215,145,221,146,227,150,187,80,136,155,141,161,148,168,158,176,172,181,189,182,204,179,217,173,226,164,232,157,235,150,136,155,139,149,147,143,156,137,172,131,187,132,202,130,217,134,226,139,232,144,235,150,143,154,150,157,156,159,164,160,175,161,188,161,200,159,210,157,218,155,222,154,228,149,143,154,150,150,157,149,165,147,176,147,187,147,199,146,208,145,216,146,222,146,228,149
80,181,80,128,157,133,164,140,171,150,179,164,184,181,185,196,183,209,176,217,168,222,160,226,152,128,157,132,150,140,145,150,138,165,132,180,133,195,131,209,135,217,141,223,146,226,152,136,156,142,160,148,162,157,164,168,165,180,165,192,164,201,162,209,159,213,157,218,152,136,156,142,152,150,150,158,148,168,147,180,147,190,146,199,146,207,147,212,148,218,152,183,81,128,157,133,164,141,171,152,179,166,184,182,185,198,182,210,176,219,168,224,160,227,152,128,157,133,150,141,145,151,139,167,134,182,135,196,133,210,136,219,142,224,147,227,152,136,155,143,160,149,162,158,163,169,165,182,165,194,164,203,161,210,159,215,157,220,152,136,155,142,152,150,150,159,149,169,149,181,149,192,148,201,148,208,148,214,149,220,152,183,80,128,158,133,166,140,175,150,184,165,191,183,192,199,189,212,182,220,172,225,163,228,154,128,158,132,150,140,144,150,138,166,132,182,133,197,131,211,135,219,141,225,146,228,154,136,157,143,163,149,166,158,169,169,171,182,172,194,170,204,167,211,164,215,160,221,153,136,157,143,152,150,150,159,148,169,147,181,147,192,146,201,146,209,147,215,149,221,153,182,81,128,159,133,168,140,177,150,186,165,192,182,193,199,190,211,183,219,173,224,163,227,154,128,159,132,152,140,145,150,138,166,132,181,133,196,131,210,135,218,141,224,147,227,154,136,158,143,165,149,168,158,171,168,173,182,173,194,171,203,168,210,165,214,161,219,154,136,158,143,153,150,150,159,149,169,147,181,147,192,146,200,146,207,147,213,149,219,154,182,81,128,159,133,168,140,177,150,187,165,193,183,195,199,192,212,184,220,173,225,163,228,154,128,159,132,151,140,145,149,138,166,132,181,133,196,130,211,134,219,140,225,146,228,154,136,158,143,165,149,169,158,172,169,174,182,175,194,173,204,169,211,165,215,162,220,154,136,158,142,152,150,150,159,148,169,147,181,146,192,146,201,146,208,147,214,149,220,154,182,81,128,159,133,169,140,178,150,188,165,194,183,195,199,192,212,185,220,174,225,164,228,154,128,159,132,151,140,145,149,138,166,132,181,133,196,130,211,134,219,140,225,146,228,154,136,158,143,166,149,169,158,173,169,175,182,175,194,173,204,170,211,166,215,162,220,154,136,158,142,153,150,150,159,148,169,147,181,146,192,146,201,146,208,147,214,149,220,154,182,81,128,160,133,169,139,178,150,188,165,194,183,195,200,192,212,184,221,174,225,164,228,154,128,160,132,151,139,145,149,138,165,132,182,133,197,130,212,134,220,140,225,146,228,154,136,159,143,166,149,169,158,172,169,174,182,175,195,173,204,170,211,166,215,162,220,154,136,159,142,153,150,150,158,148,169,147,181,146,192,146,202,146,209,147,215,149,220,154,183,78,127,160,132,170,139,179,150,189,165,196,183,198,201,194,214,186,222,175,227,165,230,154,127,160,132,151,139,144,149,137,166,131,182,131,197,129,212,133,221,140,226,146,230,154,136,159,143,167,149,171,158,174,169,176,183,177,195,175,205,171,212,167,216,163,221,154,136,159,142,153,150,150,159,147,169,146,182,145,193,145,202,145,209,147,215,149,221,154,183,78,127,159,132,168,139,178,150,188,165,194,183,196,200,193,213,185,221,174,226,164,229,154,127,159,132,151,139,144,149,137,166,131,182,132,197,129,212,134,220,140,226,146,229,154,135,158,143,165,148,169,157,172,169,174,182,175,195,173,204,170,211,166,216,162,221,154,135,158,142,152,150,150,158,148,169,147,181,146,192,145,202,146,209,147,215,149,221,154,183,79,128,159,132,169,139,178,150,188,165,195,183,196,200,193,213,185,222,174,226,164,229,154,128,159,132,151,139,144,149,137,166,131,182,132,197,129,212,134,220,140,226,146,229,154,136,158,143,166,149,169,158,173,169,175,183,176,195,174,205,170,212,166,216,162,221,154,136,158,142,152,150,150,159,148,169,146,182,146,193,145,202,145,209,147,215,149,221,154,183,79,127,160,132,169,139,179,150,189,165,196,183,197,201,194,213,186,222,175,226,164,229,154,127,160,131,151,139,145,149,138,166,132,182,132,197,130,212,134,220,140,226,146,229,154,135,159,142,166,148,170,158,174,169,176,183,177,195,174,205,171,212,167,216,163,221,154,135,159,142,153,150,150,159,148,169,147,182,146,193,146,202,146,209,147,215,149,221,154,182,80,127,160,132,170,139,180,150,191,165,198,183,199,201,196,213,188,222,176,226,165,229,155,127,160,132,152,139,145,149,138,165,132,182,133,197,130,212,134,220,141,226,147,229,155,135,159,143,168,148,172,158,176,169,178,183,179,195,177,205,173,212,168,216,164,221,155,135,159,142,153,150,150,159,148,169,147,181,146,193,146,202,146,209,147,215,149,221,155,183,81,128,160,133,170,140,180,151,190,166,197,184,199,201,195,214,187,223,176,227,165,231,155,128,160,132,152,140,145,150,138,166,132,182,133,198,130,213,135,221,141,227,147,231,155,136,159,143,168,149,172,158,175,169,178,183,179,196,176,206,173,213,168,217,164,222,155,136,159,142,153,150,150,159,148,170,147,182,146,193,146,203,146,210,147,216,149,222,155,183,80,128,160,133,169,140,179,151,190,166,196,184,198,201,194,214,186,222,175,227,165,230,154,128,160,132,151,140,145,150,138,166,132,183,133,198,130,213,134,221,140,227,146,230,154,136,159,143,167,149,171,158,175,170,177,183,178,196,176,205,172,213,167,217,163,222,154,136,159,143,153,150,150,159,148,170,147,182,146,193,145,203,146,210,147,216,149,222,154,182,80,128,160,133,169,140,179,151,189,166,195,184,197,201,193,214,185,222,175,227,164,230,154,128,160,132,152,140,145,150,138,166,132,182,133,197,130,212,134,221,141,227,146,230,154,136,159,143,167,149,170,158,174,169,176,183,177,196,175,205,171,213,167,217,163,222,154,136,159,143,153,150,150,159,148,170,147,182,146,193,146,203,146,210,147,216,149,222,154,182,80,128,160,133,169,140,179,151,189,166,195,184,196,201,193,214,185,222,174,227,164,230,154,128,160,132,152,140,145,150,138,166,132,182,133,198,130,212,134,221,141,227,146,230,154,136,159,143,166,149,170,158,173,169,176,183,176,196,174,205,171,213,167,217,162,222,154,136,159,142,153,150,150,159,148,170,147,182,147,193,146,203,146,210,147,216,149,222,154,182,80,128,160,133,170,140,181,150,191,165,198,184,200,201,196,214,188,222,177,227,166,230,155,128,160,132,151,140,145,149,137,166,131,182,132,197,130,212,134,220,141,226,147,230,155,136,159,143,168,149,172,158,176,169,179,183,180,196,178,205,174,212,169,216,165,221,155,136,159,143,153,150,150,159,147,169,146,182,146,193,145,202,145,209,147,215,149,221,155,183,80,128,160,133,171,140,181,150,192,165,199,184,201,201,198,214,189,223,177,227,166,230,155,128,160,132,151,140,145,149,138,166,132,182,133,198,130,213,135,221,141,227,147,230,155,136,159,143,168,149,173,158,177,169,180,183,181,196,179,206,175,213,170,217,165,222,155,136,159,143,153,150,150,159,148,169,146,182,146,193,145,203,146,210,147,216,149,222,155,181,82,129,161,133,172,140,183,150,194,164,202,183,204,200,200,213,192,221,179,225,168,228,156,129,161,133,151,140,145,149,137,165,132,181,132,196,130,211,134,219,141,224,147,228,156,137,160,144,170,149,175,158,180,168,183,182,184,194,182,204,177,210,172,214,167,219,156,137,160,143,153,150,150,159,147,169,146,181,145,192,145,201,145,208,147,213,150,219,156,182,82,128,161,133,173,139,184,150,196,164,203,183,205,200,201,213,192,221,180,225,168,228,156,128,161,132,152,139,145,149,138,165,132,181,132,197,130,212,134,219,141,225,147,228,156,137,160,144,171,149,176,158,181,168,184,182,185,195,182,204,178,211,173,215,167,220,157,137,160,143,153,150,150,159,147,169,146,181,146,192,145,201,145,208,147,214,150,220,157,181,83,128,161,133,172,139,183,149,194,164,202,182,203,199,200,211,191,219,179,223,167,226,156,128,161,132,152,139,146,148,138,164,133,180,133,195,131,210,135,217,142,223,148,226,156,137,160,143,170,149,175,157,179,168,182,181,183,193,181,202,177,209,172,213,166,218,156,137,160,143,153,150,150,158,148,168,147,180,146,191,146,200,146,206,148,212,150,218,156,181,83,128,161,133,172,139,183,149,194,164,201,182,203,199,200,212,191,219,179,224,168,227,157,128,161,132,152,139,145,149,138,164,133,180,133,195,131,210,136,218,142,223,148,227,157,136,160,143,170,149,175,157,179,168,182,181,183,194,181,203,177,209,172,213,167,218,157,136,160,143,153,150,150,158,148,168,147,180,147,191,146,200,147,207,148,212,151,218,157,180,80,129,159,133,169,139,179,149,190,164,197,181,199,198,196,210,187,218,176,222,166,225,156,129,159,133,151,140,145,149,138,164,132,180,133,194,131,208,135,216,141,221,147,225,156,137,158,144,167,149,171,157,175,168,177,180,178,192,176,201,173,208,168,212,164,216,155,137,158,143,152,150,150,158,148,168,147,179,146,190,146,198,146,205,148,211,150,216,155,180,80,129,160,133,170,139,180,149,191,164,198,181,200,198,196,210,188,218,176,222,166,225,156,129,160,133,151,140,145,149,138,164,132,180,133,194,131,209,135,216,142,222,148,225,156,137,159,144,167,149,171,157,176,167,178,180,179,193,177,202,174,208,169,212,164,217,156,137,159,143,153,150,150,158,148,168,147,180,147,190,146,199,147,205,148,211,150,217,156,179,79,129,160,133,169,139,179,149,189,163,196,180,198,196,195,209,187,217,176,221,166,223,156,129,160,133,151,139,145,148,138,163,132,179,133,193,131,207,135,215,142,220,148,223,156,137,158,143,166,148,170,156,174,167,177,179,177,191,176,200,172,207,168,211,164,215,156,137,158,143,153,150,150,158,148,167,147,178,147,189,146,197,147,204,148,209,150,215,156,180,79,129,158,133,168,139,177,149,188,163,194,181,196,197,193,209,185,217,174,221,164,224,155,129,158,133,150,140,144,149,138,164,132,179,133,194,131,208,135,216,141,221,147,224,155,137,157,143,165,149,169,157,172,167,175,180,176,192,174,201,170,208,166,211,162,216,154,137,157,143,152,150,150,158,148,168,147,179,147,190,146,198,146,205,148,210,149,216,154,180,79,128,159,133,168,139,177,149,187,163,194,180,195,197,192,209,185,217,174,221,164,224,155,128,159,132,151,140,145,149,138,164,133,179,134,194,131,208,136,215,142,221,147,224,155,136,157,143,165,148,168,156,172,167,174,180,175,192,173,201,170,207,166,211,162,216,155,136,157,143,152,150,150,158,149,168,148,179,148,189,147,198,147,205,148,210,150,216,155,181,80,129,158,133,167,139,177,149,187,163,193,180,195,196,192,209,184,217,173,221,164,224,155,129,158,133,151,140,145,149,138,164,133,179,134,194,131,208,136,215,142,221,147,224,155,137,157,143,164,148,168,157,171,167,173,180,174,191,172,200,169,207,165,211,162,216,155,137,157,143,152,150,150,158,149,168,148,179,148,189,147,198,147,205,148,210,150,216,155,180,79,129,160,133,170,139,180,149,191,163,198,180,200,197,197,209,188,217,177,221,166,223,156,129,160,133,151,140,145,149,137,164,131,179,132,193,130,207,135,215,142,220,148,223,156,137,159,143,167,149,171,157,175,167,178,180,179,192,177,200,173,207,169,210,164,215,156,137,159,143,153,150,150,158,148,168,147,179,146,189,146,197,146,204,148,209,150,215,156,179,79,128,160,132,169,138,179,148,190,162,197,180,199,196,196,208,188,216,176,220,166,222,156,128,160,132,151,139,145,148,137,163,132,178,133,193,130,207,135,214,142,219,148,222,156,136,159,143,167,148,171,156,175,166,177,179,178,191,176,199,173,206,168,210,164,214,156,136,159,143,153,150,150,157,148,167,147,178,146,188,146,196,147,203,148,208,150,214,156,180,81,128,161,132,171,138,182,148,193,163,201,181,203,198,199,211,191,219,179,223,168,226,157,128,161,132,152,139,145,148,138,164,132,179,133,195,131,209,135,217,142,223,148,226,157,136,160,143,169,148,174,156,178,167,181,180,182,193,180,202,176,209,171,213,166,218,157,136,160,142,153,150,150,158,148,168,147,179,146,190,146,199,146,206,148,212,151,218,157,180,81,128,161,132,171,138,182,148,193,163,200,181,202,198,199,211,190,219,179,223,168,226,157,128,161,132,152,139,145,148,138,163,132,179,133,194,131,209,135,217,142,222,148,226,157,136,160,143,169,148,174,156,178,167,181,180,182,193,180,202,176,209,171,213,166,218,157,136,160,142,153,150,150,158,148,167,147,179,146,190,146,199,147,206,148,212,151,218,157,181,80,128,159,133,168,139,178,150,187,164,194,182,195,198,192,211,185,219,174,224,164,228,155,128,159,132,151,139,145,149,138,165,132,180,133,195,131,210,135,218,141,224,147,228,155,136,158,143,166,148,169,157,172,168,175,181,175,193,173,203,170,210,166,214,162,220,155,136,158,142,153,150,150,158,148,168,147,180,147,191,146,200,146,208,148,214,150,220,155,181,82,128,160,133,170,139,180,149,191,164,198,182,200,199,196,211,188,219,177,224,167,227,156,128,160,132,151,139,145,149,137,164,132,180,132,195,130,210,135,218,142,224,148,227,156,136,159,143,168,149,172,157,176,168,178,181,179,193,177,203,174,210,169,214,165,219,156,136,159,143,153,150,150,158,148,168,146,180,146,191,146,200,146,207,148,213,150,219,156,182,82,128,158,133,167,140,175,150,185,164,191,182,192,198,189,211,182,219,173,224,164,228,155,128,158,132,151,139,145,149,138,165,133,181,134,196,132,210,136,219,142,225,148,228,155,136,157,143,164,148,167,157,169,168,171,181,172,193,170,203,168,210,164,215,161,220,155,136,157,142,152,150,150,158,149,168,148,180,148,192,147,201,147,208,148,214,150,220,155,183,85,129,159,134,168,140,177,151,187,165,193,182,195,199,192,211,184,220,174,225,164,228,155,129,159,133,151,140,145,150,138,166,133,182,134,197,131,211,136,219,142,225,147,228,155,137,158,144,165,149,169,158,172,169,174,182,175,194,173,204,170,211,166,215,162,220,155,137,158,143,153,150,150,159,148,169,147,181,147,192,147,201,147,209,148,215,150,220,155,181,83,128,158,133,167,140,175,150,184,164,190,182,192,198,189,210,182,219,172,224,162,227,154,128,158,132,151,139,145,149,138,165,132,181,133,195,131,210,135,218,141,224,146,227,154,136,157,143,163,148,166,157,169,168,171,181,171,193,170,202,167,210,163,214,160,219,153,136,157,142,152,150,150,158,148,168,147,180,147,191,146,200,146,207,147,213,149,219,153,182,84,129,158,133,166,140,175,150,184,164,190,181,191,198,188,210,181,218,171,223,162,226,154,129,158,132,150,140,145,149,138,165,132,180,133,195,131,210,135,218,141,223,146,226,154,137,157,143,163,149,166,157,169,168,171,181,171,193,169,202,167,209,163,213,160,218,153,137,157,143,152,150,150,158,148,168,147,180,147,191,146,200,146,207,147,213,149,218,153,183,83,129,157,134,165,141,172,152,181,166,186,183,188,199,185,212,178,220,169,225,160,228,152,129,157,133,150,140,145,150,138,166,133,182,134,197,132,212,135,220,141,226,146,228,152,136,156,143,161,149,163,158,165,169,167,182,167,195,166,204,163,211,160,215,158,221,152,136,156,143,152,150,150,159,149,170,148,182,148,193,147,202,147,209,147,215,148,221,152,182,82,128,157,133,165,140,173,151,181,165,187,183,188,199,185,211,178,220,169,225,160,229,152,128,157,132,150,140,145,149,138,166,133,181,134,196,131,211,135,220,140,226,145,229,152,136,156,143,161,149,164,158,166,169,167,182,168,194,166,204,163,211,160,215,157,221,152,136,156,142,151,150,150,158,149,169,148,181,148,192,147,202,146,209,147,215,148,221,152,182,82,129,157,134,164,141,172,151,180,166,186,183,187,199,184,211,177,220,167,225,159,228,151,129,157,133,150,140,145,150,138,166,133,181,134,196,131,211,135,219,140,225,145,228,151,136,156,143,160,149,163,158,165,169,166,182,166,194,164,203,162,211,159,215,156,220,151,136,156,143,152,150,150,159,149,169,148,181,148,192,147,201,146,209,147,215,148,220,151,181,82,129,157,133,164,140,172,151,180,165,186,182,187,198,184,210,177,219,167,224,159,227,151,129,157,132,150,140,145,149,138,165,133,181,134,195,131,210,134,218,140,224,145,227,151,137,156,143,160,149,163,158,165,168,166,181,166,193,165,203,162,210,159,214,156,220,151,137,156,143,151,150,150,158,148,168,148,180,147,191,146,201,146,208,146,214,147,220,151,180,81,129,156,134,162,141,169,151,177,165,182,182,183,197,180,210,174,219,165,225,158,228,151,129,156,132,150,140,144,149,138,165,132,180,133,195,131,210,135,219,140,225,145,228,151,136,155,143,158,149,160,157,161,168,162,181,162,193,160,203,158,211,156,215,155,221,150,136,155,143,151,150,150,158,148,169,148,180,148,192,147,201,146,209,147,215,147,221,150
81,173,82,120,159,125,166,132,173,142,181,156,186,173,187,188,185,201,178,209,170,214,162,218,154,120,159,124,152,132,147,142,140,157,134,172,135,187,133,201,137,209,143,215,148,218,154,128,158,134,162,140,164,149,166,160,167,172,167,184,166,193,164,201,161,205,159,210,154,128,158,134,154,142,152,150,150,160,149,172,149,182,148,191,148,199,149,204,150,210,154,174,82,119,158,124,165,132,172,142,180,157,185,173,186,189,183,201,177,210,169,215,161,219,153,119,158,124,151,131,146,142,140,158,135,173,136,187,134,201,137,210,143,215,147,219,153,127,156,134,161,140,163,149,164,160,166,173,166,185,165,194,162,201,160,206,158,211,153,127,156,133,153,141,151,150,150,160,150,172,150,183,149,192,149,199,149,205,150,211,153,174,82,119,160,124,168,131,177,141,186,156,192,174,194,190,191,203,184,211,174,216,165,219,156,119,160,123,152,131,146,141,140,157,134,173,135,188,133,202,137,210,143,216,148,219,156,127,159,134,165,140,168,149,171,160,173,173,174,185,172,195,169,202,166,206,162,212,155,127,159,134,154,141,152,150,150,160,149,172,149,183,148,192,148,200,149,206,151,212,155,173,82,119,160,124,169,131,178,141,187,156,193,173,194,190,191,202,184,210,174,215,164,218,155,119,160,123,153,131,146,141,139,157,133,172,134,187,132,201,136,209,142,215,148,218,155,127,159,134,166,140,169,149,172,159,174,173,174,185,172,194,169,201,166,205,162,210,155,127,159,134,154,141,151,150,150,160,148,172,148,183,147,191,147,198,148,204,150,210,155,173,83,119,161,124,170,131,179,141,189,156,195,174,197,190,194,203,186,211,175,216,165,219,156,119,161,123,153,131,147,140,140,157,134,172,135,187,132,202,136,210,142,216,148,219,156,127,160,134,167,140,171,149,174,160,176,173,177,185,175,195,171,202,167,206,164,211,156,127,160,133,154,141,152,150,150,160,149,172,148,183,148,192,148,199,149,205,151,211,156,173,83,119,161,124,171,131,180,141,190,156,196,174,197,190,194,203,187,211,176,216,166,219,156,119,161,123,153,131,147,140,140,157,134,172,135,187,132,202,136,210,142,216,148,219,156,127,160,134,168,140,171,149,175,160,177,173,177,185,175,195,172,202,168,206,164,211,156,127,160,133,155,141,152,150,150,160,149,172,148,183,147,192,148,199,149,205,151,211,156,174,83,120,162,125,171,131,180,142,190,157,196,175,197,192,194,204,186,213,176,217,166,220,156,120,162,124,153,131,147,141,140,158,134,174,135,189,132,204,136,212,142,217,148,220,156,128,161,135,168,141,171,150,174,161,177,174,177,187,175,196,172,203,168,207,164,212,156,128,161,134,155,142,152,150,150,161,149,173,148,184,148,194,148,201,149,206,151,212,156,174,81,119,163,123,172,130,182,141,192,156,199,174,201,192,197,205,189,213,178,218,168,221,157,119,163,123,154,130,147,140,140,157,134,173,134,188,132,203,136,212,143,217,149,221,157,127,162,134,170,140,174,149,177,160,179,174,180,186,178,196,174,203,170,207,166,212,157,127,162,133,156,141,153,150,150,160,149,173,148,184,148,193,148,200,149,206,152,212,157,175,80,119,161,124,170,131,180,142,190,157,196,175,198,192,194,205,187,213,176,218,166,221,156,119,161,124,153,131,146,141,139,157,133,174,134,189,131,204,136,212,142,218,148,221,156,127,160,135,167,140,171,149,174,161,176,174,177,187,175,196,172,203,168,207,164,213,156,127,160,134,154,142,152,150,150,161,149,173,148,184,147,194,148,201,149,207,151,213,156,174,81,119,161,123,171,130,180,141,190,156,197,174,198,191,195,204,187,213,176,217,166,220,156,119,161,123,153,130,146,140,139,157,133,173,134,188,131,203,136,211,142,217,148,220,156,127,160,134,168,140,171,149,175,160,177,174,177,186,175,196,172,203,168,207,164,212,156,127,160,133,154,141,152,150,150,160,148,173,148,184,147,193,147,200,149,206,151,212,156,174,81,118,162,123,171,130,181,141,191,156,197,174,199,191,196,204,188,213,177,217,166,220,156,118,162,122,153,130,147,140,140,157,134,173,134,188,132,203,136,211,142,217,148,220,156,126,161,133,168,139,172,149,176,160,178,174,178,186,176,196,173,203,169,207,164,212,156,126,161,133,155,141,152,150,150,160,149,173,148,184,148,193,148,200,149,206,151,212,156,173,82,118,162,123,172,130,182,141,193,156,200,174,201,192,198,204,190,213,178,217,167,220,157,118,162,123,154,130,147,140,140,157,134,173,135,188,132,203,136,211,143,217,149,220,157,126,161,134,170,139,174,149,178,160,180,174,181,186,179,196,175,203,170,207,166,212,157,126,161,133,155,141,152,150,150,160,149,172,148,184,148,193,148,200,149,206,151,212,157,174,83,119,162,124,172,131,182,142,192,157,199,175,201,192,197,205,189,214,178,218,167,221,157,119,162,123,154,131,147,141,140,157,134,173,135,189,132,204,137,212,143,218,149,221,157,127,161,134,170,140,174,149,177,160,180,174,181,187,178,197,175,204,170,208,166,213,157,127,161,133,155,141,152,150,150,161,149,173,148,184,148,194,148,201,149,207,151,213,157,174,82,119,162,124,171,131,181,142,192,157,198,175,200,192,196,205,188,213,177,218,167,221,156,119,162,123,153,131,147,141,140,157,134,174,135,189,132,204,136,212,142,218,148,221,156,127,161,134,169,140,173,149,177,160,179,174,180,187,178,196,174,204,169,208,165,213,156,127,161,134,155,141,152,150,150,161,149,173,148,184,147,194,148,201,149,207,151,213,156,173,82,119,162,124,171,131,181,142,191,157,197,175,199,192,195,205,187,213,177,218,166,221,156,119,162,123,154,131,147,141,140,157,134,173,135,188,132,203,137,212,143,218,148,221,156,127,161,134,169,140,172,149,176,160,178,174,178,187,176,196,173,204,169,208,165,213,156,127,161,133,155,141,152,150,150,160,149,173,149,184,148,194,148,201,149,207,151,213,156,173,82,119,162,124,171,131,181,142,191,157,197,175,198,192,195,205,187,213,176,218,166,221,156,119,162,123,153,131,147,141,140,157,134,173,135,188,132,203,136,212,143,218,148,221,156,127,161,134,168,140,172,149,175,160,178,174,178,187,176,196,173,204,169,208,164,213,156,127,161,133,155,141,152,150,150,160,149,173,149,184,148,194,148,201,149,207,151,213,156,173,83,119,163,124,173,131,184,141,194,156,201,175,203,192,200,205,191,213,180,218,169,221,158,119,163,123,154,131,148,140,140,157,134,173,135,188,133,203,137,211,144,217,150,221,158,127,162,134,171,140,175,149,179,160,182,174,183,187,181,196,177,203,172,207,168,212,158,127,162,134,156,141,153,150,150,160,149,173,149,184,148,193,148,200,150,206,152,212,158,174,82,119,162,124,173,131,183,142,194,156,201,175,203,192,200,205,191,214,179,218,168,222,157,119,162,123,153,131,147,141,140,157,134,173,135,189,133,204,137,212,143,218,149,222,157,127,161,134,171,140,175,149,179,160,182,174,183,187,181,197,177,204,172,208,167,213,157,127,161,134,155,141,152,150,150,161,149,173,148,184,148,194,148,201,149,207,152,213,157,172,85,120,164,124,175,131,186,141,198,155,205,174,207,191,203,204,195,212,182,216,171,219,159,120,164,124,154,131,148,140,140,156,135,172,135,187,133,202,137,210,144,215,150,219,159,128,163,135,173,140,178,149,183,159,186,173,187,185,185,195,181,201,175,205,170,210,159,128,163,134,156,141,153,150,150,160,149,172,148,183,148,192,148,199,150,204,153,210,159,173,85,119,164,124,176,130,187,141,199,155,206,174,208,191,204,204,195,212,183,216,171,219,159,119,164,123,155,130,148,140,141,156,135,172,135,188,133,203,137,210,144,216,150,219,159,128,164,135,174,140,179,149,184,160,187,173,188,186,185,195,181,202,176,206,170,211,160,128,164,134,156,141,153,150,150,160,149,172,149,183,148,192,148,199,150,205,153,211,160,173,85,120,163,125,174,131,185,141,196,156,204,174,205,191,202,203,193,211,181,215,169,218,158,120,163,124,154,131,148,140,141,156,135,172,135,187,133,202,137,209,144,215,150,218,158,129,162,135,172,141,177,149,181,160,184,173,185,185,183,194,179,201,174,205,168,210,158,129,162,135,155,142,152,150,150,160,149,172,148,183,148,191,148,198,150,204,152,210,158,173,85,120,163,125,174,131,185,141,196,156,203,174,205,191,202,204,193,211,181,216,170,219,159,120,163,124,154,131,148,141,140,156,135,172,135,187,133,202,138,210,144,215,150,219,159,129,162,135,172,141,176,149,181,160,184,173,185,186,183,195,179,201,174,205,169,210,159,129,162,135,155,142,152,150,150,160,149,172,149,183,148,192,149,199,150,204,153,210,159,172,82,121,161,125,171,131,181,141,192,156,199,173,201,190,198,202,189,210,178,214,168,217,158,121,161,125,153,132,147,141,139,156,134,172,135,186,132,200,137,208,143,213,149,217,158,129,160,136,169,141,173,149,177,159,179,172,180,184,178,193,175,200,170,204,166,208,157,129,160,135,154,142,152,150,150,160,149,171,148,182,148,190,148,197,150,203,152,208,157,172,82,121,162,125,172,131,182,141,193,156,200,173,202,190,198,202,190,210,178,214,168,217,158,121,162,125,153,132,147,141,140,156,134,172,135,186,133,201,137,208,144,214,149,217,158,129,161,136,169,141,173,149,178,159,180,172,181,185,179,194,175,200,171,204,166,209,158,129,161,135,155,142,152,150,150,160,149,172,149,182,148,191,149,197,150,203,152,209,158,171,81,121,162,125,171,131,181,141,191,155,198,172,200,188,197,201,189,209,178,213,168,215,158,121,162,125,153,131,147,140,140,155,134,171,135,185,133,199,137,207,144,212,150,215,158,129,160,135,168,140,172,148,176,159,179,171,180,183,178,192,174,199,170,203,166,207,158,129,160,135,155,142,152,150,150,159,149,170,149,181,148,189,149,196,150,201,152,207,158,172,81,121,160,125,170,131,179,141,190,155,197,173,198,189,195,201,187,209,176,214,166,216,157,121,160,125,152,132,146,141,140,156,134,172,135,186,133,200,137,208,143,213,149,216,157,129,159,135,167,141,171,149,174,159,177,172,178,184,176,193,172,200,168,204,164,208,156,129,159,135,154,142,152,150,150,160,149,171,149,182,148,190,148,197,150,203,151,208,156,172,80,120,160,125,169,131,178,141,188,155,195,172,197,189,193,201,186,209,175,213,165,216,156,120,160,125,152,132,146,141,139,156,134,171,135,186,132,200,137,207,143,213,148,216,156,128,159,135,166,140,169,149,173,159,175,172,176,184,174,193,171,199,167,203,163,208,156,128,159,135,153,142,151,150,150,160,149,171,148,181,148,190,148,197,149,202,151,208,156,173,81,121,159,125,168,131,178,141,188,155,194,172,196,188,193,201,185,209,174,213,165,216,156,121,159,125,152,132,146,141,139,156,134,171,135,186,132,200,137,207,143,213,148,216,156,129,158,135,165,140,169,149,172,159,174,172,175,183,173,192,170,199,166,203,163,208,156,129,158,135,153,142,151,150,150,160,149,171,149,181,148,190,148,197,149,202,151,208,156,172,81,121,162,125,172,131,182,141,193,155,200,172,202,189,199,201,190,209,179,213,168,215,158,121,162,125,153,132,147,140,139,156,133,171,134,185,132,199,137,207,144,212,150,215,158,129,161,135,169,141,173,149,177,159,180,172,181,184,179,192,175,199,171,202,167,207,158,129,161,135,155,142,152,150,150,160,149,171,148,181,148,189,148,196,150,201,152,207,158,172,81,121,162,125,171,131,181,141,192,155,199,173,201,189,198,201,190,209,178,213,168,215,158,121,162,125,153,132,147,141,139,156,134,171,135,186,132,200,137,207,144,212,150,215,158,129,161,136,169,141,173,149,177,159,179,172,180,184,178,192,175,199,170,203,166,207,158,129,161,136,155,143,152,150,150,160,149,171,148,181,148,189,149,196,150,201,152,207,158,172,83,120,163,124,173,130,184,140,195,155,203,173,205,190,201,203,193,211,181,215,170,218,159,120,163,124,154,131,147,140,140,156,134,171,135,187,133,201,137,209,144,215,150,218,159,128,162,135,171,140,176,148,180,159,183,172,184,185,182,194,178,201,173,205,168,210,159,128,162,134,155,142,152,150,150,160,149,171,148,182,148,191,148,198,150,204,153,210,159,172,83,120,163,124,173,130,184,140,195,155,202,173,204,190,201,203,192,211,181,215,170,218,159,120,163,124,154,131,147,140,140,156,134,171,135,186,133,201,137,209,144,214,150,218,159,128,162,135,171,140,176,148,180,159,183,172,184,185,182,194,178,201,173,205,168,210,159,128,162,134,155,142,152,150,150,159,149,171,148,182,148,191,149,198,150,204,153,210,159,172,82,120,161,124,170,131,180,142,189,156,196,174,198,190,194,203,187,211,176,216,166,220,157,120,161,124,153,131,147,141,140,157,134,172,135,187,133,202,137,210,143,216,149,220,157,128,160,135,168,140,171,149,174,160,177,173,177,185,176,195,172,202,168,206,164,212,157,128,160,134,155,142,152,150,150,160,149,172,149,183,148,192,148,199,150,206,152,212,157,173,84,120,162,125,172,131,182,141,193,156,200,174,202,191,198,203,190,211,179,216,169,219,158,120,162,124,153,131,147,141,139,157,134,172,134,187,132,202,137,210,144,216,150,219,158,129,161,135,170,141,174,149,178,160,180,173,181,185,179,195,176,202,171,206,167,211,158,129,161,135,155,142,152,150,150,160,148,172,148,183,148,192,148,199,150,205,152,211,158,174,83,120,159,125,168,132,176,142,186,156,192,174,193,190,190,203,183,211,173,216,164,220,156,120,159,124,152,131,146,141,139,157,134,173,135,188,133,202,137,211,143,217,149,220,156,128,158,135,164,140,167,149,170,160,172,173,173,185,171,195,169,202,165,207,162,212,156,128,158,134,153,142,151,150,150,160,149,172,149,184,148,193,148,200,149,206,151,212,156,174,87,120,161,125,170,131,179,142,189,156,195,173,197,190,194,202,186,211,176,216,166,219,157,120,161,124,153,131,147,141,140,157,135,173,136,188,133,202,138,210,144,216,149,219,157,128,160,135,167,140,171,149,174,160,176,173,177,185,175,195,172,202,168,206,164,211,157,128,160,134,155,141,152,150,150,160,149,172,149,183,148,192,149,200,150,206,152,211,157,173,85,120,160,125,169,132,177,142,186,156,192,173,194,190,191,202,184,211,174,216,164,219,156,120,160,124,153,131,147,141,140,157,134,173,135,187,133,202,137,210,143,216,148,219,156,128,159,135,165,140,168,149,171,160,173,173,173,185,172,194,169,201,165,206,162,211,155,128,159,134,154,142,152,150,150,160,149,172,149,183,148,192,148,199,149,205,151,211,155,174,86,121,160,125,168,132,177,142,186,156,192,173,193,190,190,202,183,210,173,215,164,218,156,121,160,124,152,132,147,141,140,157,134,172,135,187,133,202,137,210,143,215,149,218,156,128,159,135,165,141,168,149,171,160,173,173,173,185,171,194,169,201,165,205,162,210,155,128,159,135,154,142,152,150,150,160,149,172,149,183,148,192,148,199,149,205,151,210,155,174,84,120,158,125,166,132,173,143,182,157,187,174,189,190,186,203,179,211,170,216,161,219,153,120,158,124,151,131,146,141,139,157,134,173,135,188,133,202,136,211,142,216,147,219,153,127,157,134,162,140,164,149,166,160,168,173,168,185,167,195,164,202,161,206,159,212,153,127,157,134,153,141,151,150,150,161,149,173,149,184,148,193,148,200,148,206,149,212,153,174,83,120,158,125,166,132,174,143,182,157,188,174,189,191,186,203,179,212,170,217,161,221,153,120,158,124,151,132,146,141,139,158,134,173,135,188,132,203,136,212,141,218,146,221,153,128,157,135,162,141,165,150,167,161,168,174,169,186,167,196,164,203,161,207,158,213,153,128,157,134,153,142,151,150,150,161,149,173,149,184,148,194,147,201,148,207,149,213,153,173,83,120,158,125,165,132,173,143,181,157,187,174,188,190,185,202,178,211,168,216,160,219,152,120,158,124,151,131,146,141,139,157,134,172,135,187,132,202,136,210,141,216,146,219,152,128,157,134,161,140,164,149,166,160,167,173,167,185,165,194,163,202,160,206,157,211,152,128,157,134,153,141,151,150,150,160,149,172,149,183,148,192,147,200,148,206,149,211,152,173,83,121,158,126,165,132,173,143,181,157,187,174,188,190,185,202,178,211,168,216,160,219,152,121,158,125,151,132,146,141,139,157,134,173,135,187,132,202,136,210,141,216,146,219,152,129,157,135,161,141,164,150,166,160,167,173,167,185,166,195,163,202,160,206,157,212,152,129,157,135,152,142,151,150,150,161,149,172,148,183,148,193,147,200,147,206,148,212,152,172,83,121,158,126,164,133,171,143,179,157,184,174,185,189,182,202,176,211,167,216,160,220,153,121,158,125,152,132,146,141,140,157,134,172,135,187,133,202,137,211,142,217,147,220,153,128,157,135,160,141,161,149,163,160,164,173,164,185,162,195,160,202,158,207,157,213,152,128,157,135,153,142,152,150,150,161,150,172,150,184,149,193,148,201,149,207,149,213,152
82,163,83,110,160,115,167,122,174,132,182,146,187,163,188,178,186,190,179,199,171,204,163,208,155,110,160,114,153,122,148,132,141,147,135,162,136,177,134,191,138,199,144,205,149,208,155,118,159,124,163,130,165,139,167,150,168,162,168,174,167,183,165,191,162,195,160,200,155,118,159,124,155,132,153,140,151,150,150,162,150,172,149,181,149,188,150,194,151,200,155,164,82,109,158,114,165,122,172,133,180,147,185,163,186,179,183,191,177,200,169,205,161,208,153,109,158,114,151,121,146,132,140,148,135,163,136,177,134,191,137,200,143,205,147,208,153,117,156,124,161,130,163,139,164,150,166,163,166,175,165,184,162,191,160,196,158,201,153,117,156,123,153,131,151,140,150,150,150,162,150,173,149,182,149,189,149,195,150,201,153,164,83,109,161,114,169,121,178,131,187,146,194,164,195,180,192,193,185,201,175,206,166,209,157,109,161,113,153,121,147,131,141,147,135,163,136,178,134,192,138,200,144,206,149,209,157,117,160,124,166,130,169,139,172,150,174,163,175,175,173,185,170,192,167,196,163,202,156,117,160,124,155,131,153,140,151,150,150,162,150,173,149,182,149,190,150,196,152,202,156,163,84,109,162,114,171,121,180,131,189,146,195,163,196,180,193,192,186,200,176,205,166,208,157,109,162,113,154,121,148,131,141,147,135,162,136,177,134,191,138,199,144,205,150,208,157,117,161,124,168,130,171,139,174,149,176,163,176,175,174,184,171,191,168,195,164,200,157,117,161,124,156,131,153,140,151,150,150,162,150,173,149,181,149,189,150,194,152,200,157,163,84,109,162,114,171,121,180,131,190,146,196,164,198,180,194,193,187,201,176,206,166,209,157,109,162,113,154,121,148,130,141,147,135,162,136,177,133,192,137,200,143,206,149,209,157,117,161,124,168,130,172,139,175,150,177,163,178,175,176,185,172,192,168,196,164,201,157,117,161,123,155,131,153,140,151,150,150,162,149,173,149,182,149,189,150,195,152,201,157,163,84,109,162,114,172,121,181,131,191,146,197,164,198,180,195,193,187,201,177,206,167,209,157,109,162,113,154,121,148,130,141,147,135,162,136,177,133,192,137,200,143,206,149,209,157,117,161,124,169,130,172,139,175,150,178,163,178,175,176,185,173,192,169,196,165,201,157,117,161,124,156,131,153,140,151,150,150,162,149,173,149,182,149,189,150,195,152,201,157,163,84,109,163,113,172,120,181,131,191,146,197,164,198,181,195,193,187,202,177,206,167,209,157,109,163,113,154,120,148,130,141,147,135,163,135,178,133,193,137,201,143,206,149,209,157,117,161,124,169,130,172,139,175,150,178,163,178,176,176,185,173,192,169,196,165,201,157,117,161,123,156,131,153,139,151,150,150,162,149,173,149,183,149,190,150,196,152,201,157,164,82,109,164,113,174,120,183,131,193,146,200,164,202,182,198,195,190,203,179,208,169,211,158,109,164,113,155,120,148,130,141,147,135,163,135,178,133,194,137,202,144,207,150,211,158,117,163,124,171,130,175,139,178,150,180,164,181,176,179,186,175,193,171,197,167,202,158,117,163,123,157,131,154,140,151,150,150,163,150,174,149,183,149,190,151,196,153,202,158,164,81,108,162,113,171,120,181,131,191,146,197,164,199,181,195,194,188,202,177,207,167,210,157,108,162,113,154,120,147,130,140,146,134,163,135,178,133,193,137,201,143,207,149,210,157,116,161,124,168,129,172,138,175,150,177,163,178,176,176,185,173,192,169,196,165,202,157,116,161,123,155,131,153,139,151,150,150,162,149,173,148,183,149,190,150,196,152,202,157,164,83,109,163,113,173,120,182,131,192,146,199,164,200,181,197,194,189,203,178,207,168,210,158,109,163,113,155,120,148,130,141,147,135,163,136,178,133,193,138,201,144,207,150,210,158,117,162,124,170,130,173,139,177,150,179,164,179,176,177,186,174,193,170,197,166,202,158,117,162,123,156,131,154,140,152,150,150,162,150,174,149,183,149,190,151,196,153,202,158,164,82,108,163,113,172,120,182,131,192,146,199,164,200,182,197,194,189,203,178,207,167,210,157,108,163,112,154,120,148,130,141,147,135,163,135,178,133,193,137,201,143,207,149,210,157,116,162,123,170,129,173,139,177,150,179,164,180,176,177,186,174,193,170,197,166,202,157,116,162,123,156,131,153,140,151,150,150,162,149,174,149,183,149,190,150,196,152,202,157,163,83,108,163,113,173,120,183,131,194,146,201,164,202,182,199,194,191,203,179,207,168,210,158,108,163,112,155,120,148,130,141,146,135,163,136,178,133,193,137,201,144,207,150,210,158,116,162,123,171,129,175,138,179,150,181,164,182,176,180,186,176,193,171,197,167,202,158,116,162,123,156,131,153,139,151,150,150,162,149,174,149,183,149,190,150,196,152,202,158,163,84,108,163,113,173,120,183,131,193,146,200,164,202,181,198,194,190,203,179,207,168,211,158,108,163,112,155,120,148,130,141,146,135,162,136,178,133,193,138,201,144,207,150,211,158,116,162,123,171,129,175,138,179,149,181,163,182,176,180,186,176,193,171,197,167,202,158,116,162,122,156,130,153,139,151,150,150,162,149,173,149,183,149,190,150,196,152,202,158,163,83,108,163,113,172,120,182,131,193,146,199,164,201,181,197,194,189,202,178,207,168,210,157,108,163,112,154,120,148,130,141,146,135,163,136,178,133,193,137,201,143,207,149,210,157,116,162,123,170,129,174,138,178,150,180,163,181,176,178,185,175,193,170,197,166,202,157,116,162,123,156,130,153,139,151,150,150,162,149,173,149,183,149,190,150,196,152,202,157,162,83,108,163,113,172,120,182,131,192,146,198,164,200,181,196,194,188,202,177,207,167,210,157,108,163,112,155,120,148,130,141,146,135,162,136,177,133,192,137,201,144,207,149,210,157,116,162,123,170,129,173,138,177,149,179,163,180,176,177,185,174,193,170,197,166,202,157,116,162,123,156,130,153,139,151,150,150,162,149,173,149,183,149,190,150,196,152,202,157,162,83,108,163,113,172,120,182,131,192,146,198,164,199,181,196,194,188,202,177,207,167,210,157,108,163,112,154,120,148,130,141,146,135,162,136,178,133,192,137,201,144,207,149,210,157,116,162,123,169,129,173,138,176,149,179,163,179,176,177,185,174,193,170,197,165,202,157,116,162,122,156,130,153,139,151,150,150,162,150,173,149,183,149,190,150,196,152,202,157,163,84,109,164,114,174,121,185,131,195,146,202,165,204,182,200,195,192,203,181,208,170,211,159,109,164,113,155,121,149,130,141,147,135,163,136,178,134,193,138,201,145,207,151,211,159,117,163,124,172,130,176,139,180,150,183,164,184,177,182,186,178,193,173,197,169,202,159,117,163,124,157,131,154,140,151,150,150,163,150,174,149,183,149,190,151,196,153,202,159,163,83,108,163,113,174,120,184,130,195,145,202,164,204,181,201,194,192,203,180,207,169,211,158,108,163,112,154,120,148,130,141,146,135,162,136,178,133,193,138,201,144,207,150,211,158,116,162,123,171,129,176,138,180,149,183,163,184,176,182,186,178,193,173,197,168,202,158,116,162,123,156,130,153,139,151,150,150,162,149,173,148,183,149,190,150,196,152,202,158,162,86,110,165,114,176,121,187,131,199,145,206,164,208,181,204,194,196,202,183,206,172,209,160,110,165,114,155,121,149,130,141,146,136,162,136,177,134,192,138,200,145,205,151,209,160,118,164,125,174,130,179,139,184,149,187,163,188,175,186,185,182,191,176,195,171,200,160,118,164,124,157,131,154,140,151,150,150,162,149,173,149,182,149,189,151,194,154,200,160,163,86,109,165,114,177,120,188,131,200,145,207,164,209,181,205,194,196,202,184,206,172,209,160,109,165,113,156,120,149,130,142,146,136,162,136,178,134,193,138,200,145,206,151,209,160,118,165,125,175,130,180,139,185,149,188,163,189,176,187,185,182,192,177,196,171,201,161,118,165,124,157,131,154,140,151,150,150,162,150,173,149,182,149,189,151,195,154,201,161,163,87,110,164,115,175,121,186,131,197,146,205,164,207,181,203,193,194,201,182,205,170,208,159,110,164,114,155,121,149,130,142,146,136,162,136,177,134,192,138,199,145,205,151,208,159,119,163,125,173,131,178,139,182,150,186,163,186,175,184,184,180,191,175,195,169,200,159,119,163,125,156,132,153,140,151,150,150,162,149,173,149,181,149,188,151,194,153,200,159,163,86,110,164,115,175,121,186,131,197,146,204,164,206,181,203,194,194,201,182,206,171,209,160,110,164,114,155,121,149,131,141,146,136,162,136,177,134,192,139,200,145,205,151,209,160,119,163,125,173,131,177,139,182,150,185,163,186,176,184,185,180,191,175,195,170,200,160,119,163,125,156,132,153,140,151,150,150,162,150,173,149,182,150,189,151,194,154,200,160,162,83,111,162,115,172,121,182,131,193,146,200,163,202,180,199,192,190,200,179,204,169,207,159,111,162,115,154,122,148,131,141,146,135,162,136,176,134,190,138,198,144,203,150,207,159,119,161,126,170,131,174,139,178,150,181,162,181,174,179,183,176,190,171,194,167,198,158,119,161,125,155,132,153,140,151,150,150,161,149,172,149,180,149,187,151,193,153,198,158,162,83,111,163,115,173,121,183,131,194,146,201,163,203,180,199,192,191,200,180,204,169,207,159,111,163,115,154,122,148,131,141,146,135,162,136,176,134,191,138,198,145,204,151,207,159,119,162,126,170,131,175,139,179,149,181,162,182,175,180,184,177,190,172,194,167,199,159,119,162,125,156,132,153,140,151,150,150,162,150,172,149,181,150,187,151,193,153,199,159,162,82,112,163,116,172,122,182,132,192,146,199,163,201,179,198,192,190,200,179,204,169,206,159,112,163,116,154,122,148,131,141,146,135,162,136,176,134,190,138,198,145,203,151,206,159,120,161,126,169,131,173,139,177,150,180,162,181,174,179,183,175,190,171,194,167,198,159,120,161,126,156,133,153,141,151,150,150,161,150,172,149,180,150,187,151,192,153,198,159,162,82,111,162,115,171,121,180,131,191,145,198,163,199,179,196,191,188,199,177,203,167,206,158,111,162,115,153,122,147,131,141,146,135,161,136,176,134,190,138,198,144,203,150,206,158,119,160,125,168,131,172,139,175,149,178,162,179,174,177,183,173,190,169,193,165,198,157,119,160,125,155,132,153,140,151,150,150,161,150,172,149,180,149,187,151,192,152,198,157,162,81,110,161,115,170,121,179,131,189,145,196,162,198,179,194,191,187,199,176,203,166,206,157,110,161,114,153,122,147,131,140,146,135,161,136,176,133,190,138,197,144,203,150,206,157,118,160,125,167,130,170,138,174,149,176,162,177,174,175,183,172,189,168,193,164,198,157,118,160,125,154,132,152,140,151,150,150,161,150,171,149,180,149,187,150,192,152,198,157,163,82,111,160,115,169,121,179,131,189,145,195,162,197,179,194,191,186,199,176,203,166,206,157,111,160,115,153,122,147,131,140,146,135,161,136,176,133,190,138,197,144,203,149,206,157,119,159,125,166,130,170,139,173,149,176,162,176,173,175,182,171,189,167,193,164,198,157,119,159,125,154,132,152,140,151,150,150,161,150,171,149,180,149,187,150,192,152,198,157,162,82,111,163,115,173,121,183,131,194,145,201,162,203,179,200,191,191,199,180,203,169,205,159,111,163,115,154,122,148,130,140,146,134,161,135,175,133,190,138,197,145,202,151,205,159,119,162,125,170,131,174,139,178,149,181,162,182,174,180,182,177,189,172,193,168,197,159,119,162,125,156,132,153,140,151,150,150,161,149,171,149,179,149,186,151,191,153,197,159,162,82,111,163,115,172,121,182,131,193,145,200,163,202,179,199,191,191,199,179,203,169,205,159,111,163,115,154,122,148,131,140,146,135,161,136,176,133,189,138,197,145,202,151,205,159,119,162,126,170,131,174,139,178,149,180,162,181,174,179,182,176,189,171,193,167,197,159,119,162,126,156,133,153,140,151,150,150,161,149,171,149,179,150,186,151,191,153,197,159,163,84,111,164,115,174,121,185,131,196,146,204,164,205,181,202,194,194,202,182,206,171,209,160,111,164,115,155,122,148,131,141,147,135,162,136,177,134,192,138,200,145,206,151,209,160,119,163,126,172,131,177,139,181,150,184,163,185,176,183,185,179,192,174,196,169,201,160,119,163,125,156,133,153,141,151,150,150,162,149,173,149,182,149,189,151,195,154,201,160,163,84,111,164,115,174,121,185,131,196,146,203,164,205,181,202,194,193,202,182,206,171,209,160,111,164,115,155,122,148,131,141,147,135,162,136,177,134,192,138,200,145,205,151,209,160,119,163,126,172,131,177,139,181,150,184,163,185,176,183,185,179,192,174,196,169,201,160,119,163,125,156,133,153,141,151,150,150,162,149,173,149,182,150,189,151,195,154,201,160,162,83,110,162,115,171,121,181,132,190,146,197,164,199,180,195,193,188,202,177,206,167,210,158,110,162,114,154,121,148,131,141,147,135,162,136,177,134,192,138,200,144,206,150,210,158,118,161,125,169,130,172,139,175,150,178,163,178,175,177,185,173,192,169,196,166,202,158,118,161,124,156,132,153,140,151,150,150,162,150,173,149,182,149,190,151,196,153,202,158,163,86,110,164,115,174,121,184,131,195,146,202,164,203,181,200,193,192,201,181,206,171,209,160,110,164,114,155,121,149,131,141,146,136,162,136,177,134,192,139,200,146,206,152,209,160,118,163,125,172,131,176,139,180,150,182,163,183,175,181,185,178,192,173,196,169,201,160,118,163,125,157,132,154,140,152,150,150,162,150,173,150,182,150,189,152,195,154,201,160,164,84,110,160,115,169,122,177,132,187,146,193,164,194,180,191,193,184,201,174,206,165,210,157,110,160,114,153,121,147,131,140,147,135,163,136,178,134,192,138,201,144,207,149,210,157,118,159,125,165,130,168,139,171,150,173,163,174,175,172,185,170,192,166,197,163,202,157,118,159,124,154,132,152,140,151,150,150,162,150,174,149,183,149,190,150,196,152,202,157,164,88,110,162,114,171,121,180,132,190,146,196,163,198,180,195,192,187,201,177,206,167,209,158,110,162,114,154,121,148,131,141,147,136,162,137,178,134,192,139,200,145,206,150,209,158,118,161,125,168,130,172,139,175,150,177,163,178,175,176,184,173,192,169,196,165,201,158,118,161,124,156,131,153,140,151,150,150,162,150,173,149,182,150,190,151,196,153,201,158,163,86,110,161,115,170,121,178,132,187,146,193,163,195,180,192,192,185,201,175,206,165,209,157,110,161,114,154,121,148,131,141,147,135,163,136,177,134,192,138,200,144,206,149,209,157,118,160,125,166,130,169,139,172,150,174,163,174,175,173,184,170,192,166,196,163,201,156,118,160,124,155,131,153,140,151,150,150,162,150,173,149,182,149,189,150,195,152,201,156,164,87,111,161,115,169,122,178,132,187,146,193,163,194,180,191,192,184,200,174,205,165,208,157,111,161,114,153,122,147,131,141,147,135,162,136,177,134,192,138,200,144,205,149,208,157,118,160,125,166,131,169,139,172,150,174,163,174,175,172,184,170,191,166,195,163,200,156,118,160,125,155,132,153,140,151,150,150,162,150,173,149,182,149,189,150,195,152,200,156,163,85,109,159,114,167,121,174,132,183,146,188,163,190,179,187,192,180,200,171,205,162,208,154,109,159,113,152,120,147,130,140,146,135,162,136,177,134,192,137,200,143,205,148,208,154,117,158,123,163,129,165,138,167,149,169,162,169,174,168,184,165,191,162,195,160,201,154,117,158,123,154,130,152,139,151,150,150,162,150,173,149,182,149,189,149,195,150,201,154,163,84,109,159,114,167,121,175,132,183,146,189,163,190,180,187,192,180,201,171,206,162,210,154,109,159,113,152,121,147,130,140,147,135,162,136,177,133,192,137,201,142,207,147,210,154,117,158,124,163,130,166,139,168,150,169,163,170,175,168,185,165,192,162,196,159,202,154,117,158,123,153,131,152,139,151,150,150,162,150,173,149,183,148,190,149,196,150,202,154,163,84,110,159,115,166,122,174,132,182,147,188,164,189,180,186,192,179,201,169,206,161,209,153,110,159,114,152,121,147,131,140,147,135,162,136,177,133,192,137,200,142,206,147,209,153,118,158,124,162,130,165,139,167,150,168,163,168,175,167,184,164,192,161,196,158,201,153,118,158,124,153,131,152,140,151,150,150,162,149,173,149,182,148,190,149,196,149,201,153,163,84,111,159,115,166,122,174,133,182,147,188,164,189,180,186,192,179,201,169,206,161,209,153,111,159,114,152,122,147,131,140,147,135,163,136,177,133,192,136,200,142,206,147,209,153,118,158,125,162,131,165,140,167,150,168,163,168,175,167,185,164,192,161,196,158,202,153,118,158,125,153,132,152,140,150,150,150,162,149,173,148,183,148,190,148,196,149,202,153,161,83,110,158,115,164,122,171,132,179,146,184,163,185,178,182,191,176,200,167,206,160,209,153,110,158,113,152,121,146,130,140,146,134,161,135,176,133,191,137,200,142,206,147,209,153,117,157,124,160,130,161,138,163,149,164,162,164,174,162,184,160,192,158,196,157,202,152,117,157,124,153,131,152,139,150,150,150,161,150,173,149,182,148,190,149,196,149,202,152
13,151,83,98,160,103,167,110,174,120,182,134,187,151,188,166,186,179,179,187,171,192,163,196,155,98,160,102,153,110,148,120,141,135,135,150,136,165,134,179,138,187,144,193,149,196,155,106,159,112,163,118,165,127,167,138,168,150,168,162,167,171,165,179,162,183,160,188,155,106,159,112,155,120,153,128,151,138,150,150,150,160,149,169,149,176,150,182,151,188,155,152,82,97,158,102,165,110,172,121,180,135,185,151,186,167,183,179,177,188,168,193,161,197,153,97,158,102,151,110,146,120,140,136,135,151,136,165,134,180,137,188,143,194,147,197,153,105,157,112,161,118,163,127,164,138,166,151,166,163,165,172,162,179,160,184,158,189,153,105,157,111,153,119,151,128,150,139,150,150,150,161,149,170,149,177,149,183,150,189,153,152,83,97,161,102,169,109,178,119,187,134,193,152,195,168,192,181,185,189,175,194,166,197,157,97,161,101,153,109,147,119,141,135,135,151,136,166,134,180,138,188,144,194,149,197,157,105,160,112,166,118,169,127,172,138,174,151,175,163,173,173,170,180,167,184,163,190,156,105,160,112,155,119,153,128,151,138,150,150,150,161,149,170,149,178,150,184,152,190,156,151,84,97,162,102,171,109,180,119,189,134,195,151,196,168,193,180,186,188,176,193,166,196,157,97,162,101,154,109,148,119,141,135,135,150,136,165,134,179,138,187,144,193,150,196,157,105,161,112,168,118,171,127,174,137,176,151,176,163,174,172,171,179,168,183,164,188,157,105,161,112,156,119,153,128,152,138,150,150,150,161,149,169,149,176,150,182,152,188,157,151,85,97,163,102,172,109,181,119,191,134,197,152,199,168,196,181,188,189,177,194,167,197,158,97,163,101,155,109,149,118,142,135,136,150,137,165,134,180,138,188,144,194,150,197,158,105,162,112,169,118,173,127,176,138,178,151,179,163,177,173,173,180,169,184,166,189,158,105,162,111,156,119,154,128,152,138,151,150,150,161,150,170,150,177,151,183,153,189,158,151,85,97,163,102,173,109,182,119,192,134,198,152,199,168,196,181,188,189,178,194,168,197,158,97,163,101,155,109,149,118,142,135,136,150,137,165,134,180,138,188,144,194,150,197,158,105,162,112,170,118,173,127,177,138,179,151,179,163,177,173,174,180,170,184,166,189,158,105,162,111,157,119,154,128,152,138,151,150,150,161,149,170,150,177,151,183,153,189,158,151,85,97,164,101,173,108,182,119,192,134,198,152,199,169,196,181,188,190,178,194,168,197,158,97,164,101,155,108,149,118,142,134,136,151,137,166,134,181,138,189,144,194,150,197,158,105,162,112,170,118,173,127,176,138,178,151,179,164,177,173,174,180,170,184,166,189,158,105,162,111,157,119,154,127,152,138,151,150,150,161,150,171,150,178,151,184,153,189,158,151,83,95,165,100,174,107,184,118,194,133,201,151,203,169,199,182,191,190,180,195,170,198,159,95,165,100,156,107,149,117,142,134,136,150,136,165,134,180,138,189,145,194,151,198,159,104,164,111,172,117,176,126,179,137,181,151,182,163,180,173,176,180,172,184,168,189,159,104,164,110,158,118,155,127,152,137,151,150,150,161,150,170,150,177,151,183,154,189,159,152,82,96,163,101,172,108,182,119,192,134,198,152,200,169,196,182,189,190,178,195,168,198,158,96,163,101,155,108,148,118,141,135,135,151,136,166,133,181,138,189,144,195,150,198,158,104,162,112,169,117,173,126,176,138,178,151,179,164,177,173,174,180,170,184,166,190,158,104,162,111,156,119,154,127,152,138,151,150,150,161,149,171,150,178,151,184,153,190,158,151,83,96,163,100,173,107,182,118,192,133,199,151,200,168,197,181,189,190,178,194,168,197,158,96,163,100,155,107,148,117,141,134,135,150,136,165,133,180,138,188,144,194,150,197,158,104,162,111,170,117,173,126,177,137,179,151,180,163,178,173,174,180,170,184,166,189,158,104,162,110,156,118,154,127,152,137,150,150,150,161,149,170,149,177,151,183,153,189,158,151,83,95,164,100,173,107,183,118,193,133,200,151,201,169,198,181,190,190,179,194,168,197,158,95,164,99,155,107,149,117,142,134,136,150,136,165,134,180,138,188,144,194,150,197,158,103,163,110,170,116,174,126,178,137,180,151,181,163,179,173,175,180,171,184,167,189,158,103,163,110,157,118,154,127,152,137,151,150,150,161,150,170,150,177,151,183,153,189,158,151,84,96,164,101,174,108,184,119,195,134,202,152,203,170,200,182,191,191,180,195,169,198,159,96,164,101,156,108,149,118,142,135,136,151,137,166,134,181,138,189,145,195,151,198,159,104,163,112,172,118,176,127,180,138,182,152,183,164,181,174,177,181,172,185,168,190,159,104,163,111,157,119,154,128,152,138,151,150,150,162,150,171,150,178,151,184,153,190,159,151,85,96,164,101,174,108,184,119,194,134,201,152,202,169,199,182,191,190,180,195,169,198,159,96,164,100,156,108,149,118,142,134,136,150,137,166,134,181,138,189,145,195,151,198,159,104,163,111,172,117,176,126,179,137,182,151,182,164,180,174,177,181,172,185,168,190,159,104,163,110,157,118,154,127,152,138,151,150,150,161,150,171,150,178,151,184,153,190,159,151,84,96,164,101,173,108,183,119,194,134,200,152,202,169,198,182,190,190,179,195,169,198,158,96,164,100,155,108,149,118,142,134,136,151,137,166,134,181,138,189,144,195,150,198,158,104,163,111,171,117,175,126,179,137,181,151,182,164,180,173,176,181,171,185,167,190,158,104,163,111,157,118,154,127,152,138,151,150,150,161,149,171,149,178,151,184,153,190,158,150,83,96,163,101,172,108,182,119,192,134,198,152,199,169,196,182,188,190,177,195,167,198,157,96,163,100,155,108,148,118,141,134,135,150,136,165,133,180,138,189,144,195,150,198,157,104,162,111,170,117,173,126,177,137,179,151,179,164,177,173,174,181,170,185,166,190,157,104,162,111,156,118,153,127,151,138,150,150,150,161,149,171,149,178,150,184,152,190,157,150,84,96,164,101,173,108,183,119,193,134,199,152,201,169,197,182,189,190,178,195,168,198,158,96,164,100,155,108,149,118,142,134,136,150,137,165,134,180,138,189,145,195,150,198,158,104,163,111,170,117,174,126,178,137,180,151,180,164,178,173,175,181,171,185,167,190,158,104,163,110,157,118,154,127,152,138,151,150,150,161,150,171,150,178,151,184,153,190,158,150,84,96,164,101,174,108,185,118,195,133,202,152,204,169,201,182,192,190,181,195,170,198,159,96,164,100,155,108,149,117,141,134,136,150,136,165,134,180,138,188,145,194,151,198,159,104,163,111,172,117,176,126,180,137,183,151,184,164,182,173,178,180,173,184,169,189,160,104,163,111,157,118,154,127,151,137,150,150,150,161,149,170,150,177,151,183,154,189,160,151,84,96,164,101,175,108,185,118,196,133,203,152,205,169,202,182,193,191,181,195,170,199,159,96,164,100,155,108,149,118,142,134,136,150,137,166,134,181,139,189,145,195,151,199,159,104,163,111,173,117,177,126,181,137,184,151,185,164,183,174,179,181,174,185,169,190,159,104,163,111,157,118,154,127,152,138,151,150,150,161,149,171,150,178,151,184,153,190,159,150,87,98,166,102,177,109,188,119,200,133,207,152,209,169,205,182,197,190,184,194,173,197,161,98,166,102,156,109,150,118,142,134,136,150,137,165,135,180,139,188,146,193,152,197,161,106,165,113,175,118,180,127,185,137,188,151,189,163,187,173,183,179,177,183,172,188,161,106,165,112,158,119,155,128,152,138,151,150,150,161,150,170,150,177,152,182,155,188,161,151,86,97,165,102,177,108,188,119,199,133,207,152,209,169,205,182,196,190,184,194,172,197,160,97,165,101,156,108,149,118,142,134,136,150,136,166,134,181,138,188,145,194,151,197,160,106,164,113,175,118,180,127,185,137,188,151,189,164,186,173,182,180,177,184,171,189,161,106,164,112,157,119,154,128,151,138,150,150,150,161,149,170,149,177,151,183,154,189,161,151,87,98,165,103,176,109,187,119,198,134,206,152,207,169,204,181,195,189,183,193,171,196,160,98,165,102,156,109,150,118,142,134,137,150,137,165,135,180,139,187,146,193,152,196,160,107,164,113,174,119,179,127,183,138,186,151,187,163,185,172,181,179,176,183,170,188,160,107,164,113,157,120,154,128,152,138,151,150,150,161,150,170,150,176,152,182,154,188,160,151,86,98,164,103,175,109,186,119,197,134,204,152,206,169,203,182,194,189,182,194,171,197,160,98,164,102,155,109,149,119,141,134,136,150,136,165,134,180,139,188,145,193,151,197,160,107,163,113,173,119,177,127,182,138,185,151,186,164,184,173,180,179,175,183,170,188,160,107,163,113,156,120,153,128,151,138,150,150,150,161,149,170,150,177,151,182,154,188,160,151,84,100,163,104,173,110,183,120,194,135,201,152,203,169,200,181,191,189,180,193,170,196,160,100,163,104,155,111,149,120,142,135,136,151,137,165,135,179,139,187,145,192,151,196,160,108,162,115,171,120,175,128,179,139,182,151,182,163,180,172,177,179,172,183,168,187,159,108,162,114,156,121,154,129,152,139,151,150,150,161,150,169,150,176,152,182,154,187,159,150,83,99,163,103,173,109,183,119,194,134,201,151,203,168,199,180,191,188,179,192,169,195,159,99,163,103,154,110,148,119,141,134,135,150,136,164,134,179,138,186,145,192,151,195,159,107,162,114,170,119,174,127,179,137,181,150,182,163,180,172,177,178,172,182,167,187,159,107,162,113,156,120,153,128,151,138,150,150,150,160,149,169,150,175,151,181,153,187,159,151,82,101,163,105,172,111,182,121,192,135,199,152,201,168,198,181,190,189,179,193,169,195,159,101,163,105,154,111,148,120,141,135,135,151,136,165,134,179,138,187,145,192,151,195,159,109,161,115,169,120,173,128,177,139,180,151,180,163,179,172,175,179,171,182,167,187,159,109,161,115,156,122,153,130,151,139,150,150,150,161,149,169,150,176,151,181,153,187,159,151,82,100,161,104,171,110,180,120,191,134,197,152,199,168,196,180,188,188,177,192,167,195,158,100,161,104,153,111,147,120,141,135,135,150,136,165,134,179,138,187,144,192,150,195,158,108,160,114,168,120,172,128,175,138,178,151,179,163,177,172,173,179,169,182,165,187,157,108,160,114,155,121,153,129,151,139,150,150,150,161,149,169,149,176,151,181,152,187,157,151,82,99,162,104,170,110,180,120,190,134,197,151,198,168,195,180,188,188,177,192,167,195,158,99,162,103,154,111,148,120,141,135,136,150,137,165,134,179,139,186,145,192,150,195,158,107,160,114,168,119,171,127,175,138,177,151,178,163,176,172,173,178,169,182,165,187,158,107,160,114,155,121,153,129,152,139,151,150,150,160,150,169,150,176,151,181,153,187,158,152,82,100,160,104,169,110,179,120,188,134,195,151,197,167,194,180,186,187,175,192,166,195,157,100,160,104,153,111,147,120,140,135,135,150,136,165,133,179,138,186,144,192,149,195,157,108,159,114,166,119,170,128,173,138,175,151,176,162,174,171,171,178,167,182,164,187,156,108,159,114,154,121,152,129,151,139,150,150,150,160,149,169,149,176,150,181,152,187,156,151,83,100,164,104,174,110,184,120,195,134,202,151,204,168,201,180,192,188,181,192,170,194,160,100,164,104,155,111,149,120,141,135,135,150,136,164,134,178,139,186,146,191,152,194,160,108,163,114,171,120,175,128,179,138,182,151,183,163,181,171,177,178,173,181,168,186,160,108,163,114,157,121,154,129,152,139,151,150,150,160,150,168,150,175,152,180,154,186,160,151,82,100,163,104,172,110,182,120,193,134,200,152,202,168,199,180,191,188,179,192,169,194,159,100,163,104,154,111,148,120,141,135,135,150,136,165,133,179,138,186,145,191,151,194,159,108,162,115,170,120,174,128,178,138,180,151,181,163,179,171,176,178,171,182,167,186,159,108,162,115,156,122,153,129,151,139,150,150,150,160,149,168,150,175,151,180,153,186,159,151,85,99,165,103,175,109,186,119,197,134,205,152,207,169,203,182,195,190,183,194,172,197,161,99,165,103,156,110,149,119,142,135,136,150,137,166,135,180,139,188,146,194,152,197,161,107,164,114,173,119,178,127,182,138,185,151,186,164,184,173,180,180,175,184,170,189,161,107,164,114,157,121,154,129,152,139,151,150,150,161,150,170,150,177,152,183,155,189,161,151,85,99,165,103,175,109,186,119,197,134,204,152,206,169,203,182,194,190,183,194,172,197,161,99,165,103,156,110,149,119,142,134,136,150,137,165,135,180,139,188,146,193,152,197,161,107,164,114,173,119,178,127,182,138,185,151,186,164,184,173,180,180,175,184,170,189,161,107,164,113,157,120,154,129,152,138,151,150,150,161,150,170,151,177,152,183,155,189,161,151,83,98,162,103,171,109,181,120,190,134,197,152,199,168,195,181,188,190,177,194,167,198,158,98,162,102,154,109,148,119,141,135,135,150,136,165,134,180,138,188,144,194,150,198,158,106,161,113,169,118,172,127,175,138,178,151,178,163,177,173,173,180,169,184,165,190,158,106,161,112,156,120,153,128,151,138,150,150,150,161,149,170,149,178,151,184,153,190,158,151,86,98,164,103,174,109,184,119,195,134,202,152,204,169,200,181,192,189,181,194,171,197,160,98,164,102,155,109,149,119,141,134,136,150,136,165,134,180,139,188,146,194,152,197,160,106,163,113,172,119,176,127,180,138,182,151,183,163,181,173,178,180,173,184,169,189,160,106,163,113,157,120,154,128,152,138,150,150,150,161,150,170,150,177,152,183,154,189,160,152,84,98,160,103,169,110,177,120,187,134,193,152,194,168,191,181,184,189,174,194,165,198,157,98,160,102,153,109,147,119,140,135,135,151,136,166,134,180,138,189,144,195,150,198,157,106,159,113,165,118,168,127,171,138,173,151,174,163,172,173,170,180,166,185,163,190,157,106,159,112,154,120,152,128,151,138,150,150,150,162,149,171,149,178,150,184,152,190,157,152,88,98,162,103,171,109,180,120,190,134,196,151,198,168,195,180,187,189,177,194,167,197,158,98,162,102,154,109,148,119,141,135,136,151,137,166,134,180,139,188,145,194,150,197,158,106,161,113,168,118,172,127,175,138,177,151,178,163,176,173,173,180,169,184,165,189,158,106,161,112,156,119,153,128,151,138,150,150,150,161,149,170,150,178,151,184,153,189,158,151,86,98,161,103,170,109,178,120,187,134,193,151,195,168,192,180,185,189,175,194,166,197,157,98,161,102,154,109,148,119,141,135,135,151,136,165,134,180,138,188,144,194,149,197,157,106,160,113,166,118,169,127,172,138,174,151,174,163,173,172,170,180,166,184,163,189,156,106,160,112,155,119,153,128,151,138,150,150,150,161,149,170,149,177,150,183,152,189,156,152,87,99,161,103,169,110,178,120,187,134,193,151,194,168,191,180,184,188,175,193,165,196,157,99,161,102,153,110,148,119,141,135,135,150,136,165,134,180,138,188,144,193,149,196,157,107,160,113,166,119,169,127,172,138,174,151,174,163,173,172,170,179,166,183,163,188,156,107,160,113,155,120,153,128,151,138,150,150,150,161,149,170,149,177,150,183,152,188,156,151,85,97,159,102,167,109,174,120,183,134,188,151,190,167,187,180,180,188,171,193,162,196,154,97,159,101,152,108,147,118,140,134,135,150,136,165,134,180,137,188,143,194,148,196,154,105,158,112,163,117,165,126,167,137,169,150,169,163,168,172,165,179,162,183,160,189,154,105,158,111,154,118,152,127,151,138,150,150,150,161,149,170,149,177,149,183,150,189,154,151,84,97,159,102,167,109,175,120,183,134,189,151,190,168,187,180,180,189,171,194,162,198,154,97,159,101,152,108,147,118,140,135,135,150,136,165,133,180,137,189,142,195,147,198,154,105,158,112,163,117,166,126,168,138,169,151,170,163,168,173,165,180,162,184,159,190,154,105,158,111,153,119,152,127,151,138,150,150,150,161,149,171,148,178,149,184,150,190,154,151,84,98,159,103,166,110,174,121,182,135,188,152,189,168,186,180,179,189,169,194,161,197,153,98,159,102,152,109,147,119,140,135,135,150,136,165,133,180,137,188,142,194,147,197,153,106,158,112,162,118,165,127,167,138,168,151,168,163,166,172,164,180,161,184,158,189,153,106,158,112,154,119,152,128,151,138,150,150,150,161,149,170,148,178,149,184,150,189,153,151,85,99,160,104,167,110,175,121,183,135,189,152,190,168,187,180,180,189,170,194,162,197,154,99,160,103,153,110,148,119,141,135,136,151,137,165,134,180,137,188,143,194,148,197,154,107,159,113,163,119,166,128,168,138,169,151,169,163,168,173,165,180,162,184,159,190,154,107,159,113,154,120,153,128,152,139,151,150,150,161,150,171,149,178,149,184,150,190,154,150,83,99,158,104,164,111,171,121,179,135,184,152,185,167,182,180,176,189,167,195,160,198,153,99,158,103,152,110,146,119,140,135,134,150,135,165,133,180,137,189,142,195,147,198,153,106,157,113,160,119,162,127,163,138,164,151,164,163,162,173,160,181,158,185,157,191,152,106,157,113,153,120,152,128,150,139,150,150,150,162,149,171,148,179,149,185,149,191,152
312,141,84,88,161,93,168,100,175,110,183,124,188,141,189,156,187,168,180,177,172,182,164,186,156,88,161,92,154,100,149,110,142,125,136,140,137,155,135,169,139,177,145,183,150,186,156,96,160,102,164,108,166,117,168,128,169,140,169,152,168,161,166,169,163,173,161,178,156,96,160,102,156,110,154,118,152,128,151,140,151,150,150,159,150,166,151,172,152,178,156,141,83,86,159,91,166,99,173,110,181,124,186,140,187,156,184,168,178,177,170,182,162,185,154,86,159,91,152,98,147,109,141,125,136,140,137,154,135,168,138,177,144,182,149,185,154,94,158,101,162,107,164,116,165,127,167,140,167,152,166,161,163,168,161,173,159,178,154,94,158,100,154,108,152,117,151,127,151,139,151,150,150,159,150,166,150,172,151,178,154,141,83,86,162,91,170,98,179,108,188,123,194,141,196,157,193,170,186,178,176,183,167,186,157,86,162,90,154,98,148,108,142,124,136,140,137,155,135,169,139,177,145,183,150,186,157,94,161,101,167,107,170,116,173,127,175,140,176,152,174,162,171,169,168,173,164,179,157,94,161,101,156,108,154,117,152,127,151,139,151,150,150,159,150,167,151,173,153,179,157,140,85,86,163,91,172,98,181,108,190,123,196,140,198,157,194,169,187,177,177,182,167,185,158,86,163,90,155,98,149,108,142,124,136,139,137,154,135,168,139,176,145,182,151,185,158,94,162,101,169,107,172,116,175,126,177,140,177,152,175,161,172,168,169,172,165,177,158,94,162,101,157,108,154,117,152,127,151,139,151,150,150,159,150,166,151,171,153,177,158,140,85,86,163,91,172,98,181,108,191,123,197,140,199,157,196,170,188,178,177,183,167,186,158,86,163,90,155,98,149,107,142,123,136,139,137,154,134,169,138,177,144,183,150,186,158,94,162,101,169,107,173,116,176,126,178,140,179,152,177,162,173,169,169,173,166,178,158,94,162,100,156,108,154,117,152,127,151,139,150,150,150,159,150,166,151,172,153,178,158,140,85,86,163,91,173,98,182,108,192,123,198,141,200,157,196,170,189,178,178,183,168,186,158,86,163,90,155,98,149,107,142,124,136,139,137,154,134,169,138,177,144,183,150,186,158,94,162,101,170,107,173,116,177,127,179,140,179,152,177,162,174,169,170,173,166,178,158,94,162,101,157,108,154,117,152,127,151,139,150,150,150,159,150,166,151,172,153,178,158,140,85,86,163,91,173,97,182,108,191,123,198,141,199,158,196,170,188,179,178,183,168,186,158,86,163,90,155,97,149,107,142,123,136,140,137,155,134,170,138,178,144,183,150,186,158,94,162,101,170,107,173,116,176,127,178,140,179,153,177,162,174,169,170,173,166,178,158,94,162,100,157,108,154,116,152,127,151,139,150,150,150,160,150,167,151,173,153,178,158,140,83,84,165,89,175,96,184,107,194,122,201,140,203,158,199,171,191,179,180,184,170,187,159,84,165,89,156,96,149,106,142,123,136,139,136,154,134,169,138,178,145,183,151,187,159,93,164,100,172,106,176,115,179,126,181,140,182,152,180,162,176,169,172,173,168,178,159,93,164,99,158,107,155,116,152,126,151,139,150,150,150,159,150,166,151,172,154,178,159,141,83,85,164,90,173,97,183,108,193,123,199,141,201,158,197,171,190,179,179,184,169,187,159,85,164,90,156,97,149,107,142,124,136,140,137,155,134,170,139,178,145,184,151,187,159,93,163,101,170,106,174,115,177,127,179,140,180,153,178,162,175,169,171,174,167,179,159,93,163,100,157,108,155,116,153,127,151,139,151,150,150,160,151,167,152,173,154,179,159,140,84,85,164,89,174,96,183,107,193,122,200,140,201,157,198,170,190,179,179,183,169,186,159,85,164,89,156,96,149,106,142,123,136,139,137,154,134,169,139,177,145,183,151,186,159,93,163,100,171,106,174,115,178,126,180,140,181,152,179,162,175,169,171,173,167,178,159,93,163,99,157,107,155,116,152,126,151,139,151,150,150,159,150,166,152,172,154,178,159,140,83,84,164,89,173,96,183,107,193,122,200,140,201,158,198,170,190,179,179,183,168,186,158,84,164,88,155,96,149,106,142,123,136,139,136,154,134,169,138,177,144,183,150,186,158,92,163,99,170,105,174,115,178,126,180,140,181,152,178,162,175,169,171,173,167,178,158,92,163,99,157,107,154,116,152,126,151,139,150,150,150,159,150,166,151,172,153,178,158,139,84,84,164,89,174,96,184,107,195,122,202,140,203,158,200,170,192,179,180,183,169,186,159,84,164,89,156,96,149,106,142,123,136,139,137,154,134,169,138,177,145,183,151,186,159,92,163,100,172,105,176,115,180,126,182,140,183,152,181,162,177,169,172,173,168,178,159,92,163,99,157,107,154,116,152,126,151,138,150,150,150,159,150,166,151,172,153,178,159,140,85,85,164,90,174,97,184,108,194,123,201,141,203,158,199,171,191,180,180,184,169,188,159,85,164,89,156,97,149,107,142,123,136,139,137,155,134,170,139,178,145,184,151,188,159,93,163,100,172,106,176,115,179,126,182,140,183,153,180,163,177,170,172,174,168,179,159,93,163,99,157,107,154,116,152,127,151,139,150,150,150,160,150,167,151,173,153,179,159,140,85,85,165,90,174,97,184,108,195,123,201,141,203,158,199,171,191,179,180,184,170,187,159,85,165,89,156,97,150,107,143,123,137,140,138,155,135,170,139,178,145,184,151,187,159,93,164,100,172,106,176,115,180,127,182,140,183,153,181,162,177,170,172,174,168,179,159,93,164,100,158,107,155,116,153,127,152,139,151,150,150,160,151,167,152,173,154,179,159,139,84,85,164,90,173,97,183,108,193,123,199,141,201,158,197,171,189,179,179,184,168,187,158,85,164,89,156,97,149,107,142,123,136,139,137,154,134,169,138,178,145,184,150,187,158,93,163,100,171,106,174,115,178,126,180,140,181,153,178,162,175,170,171,174,167,179,158,93,163,99,157,107,154,116,152,127,151,139,151,150,150,160,150,167,151,173,153,179,158,139,84,85,164,90,173,97,183,108,193,123,199,141,200,158,197,171,189,179,178,184,168,187,158,85,164,89,156,97,149,107,142,123,136,139,137,154,134,169,138,178,145,184,150,187,158,93,163,100,170,106,174,115,177,126,180,140,180,153,178,162,175,170,171,174,166,179,158,93,163,99,157,107,154,116,152,127,151,139,151,150,150,160,150,167,151,173,153,179,158,139,85,85,165,90,175,97,186,107,196,122,203,141,205,158,201,171,193,179,182,184,171,187,160,85,165,89,156,97,150,106,142,123,136,139,137,154,135,169,139,177,146,183,152,187,160,93,164,100,173,106,177,115,181,126,184,140,185,153,183,162,179,169,174,173,170,178,160,93,164,100,158,107,155,116,152,126,151,139,151,150,150,159,150,166,152,172,154,178,160,140,85,85,165,90,176,97,186,107,197,122,204,141,206,158,202,171,194,180,182,184,171,188,160,85,165,89,156,97,150,107,143,123,137,139,138,155,135,170,140,178,146,184,152,188,160,93,164,100,173,106,178,115,182,126,185,140,186,153,184,163,180,170,175,174,170,179,160,93,164,100,158,107,155,116,153,127,152,139,151,150,150,160,151,167,152,173,154,179,160,139,87,87,166,91,177,98,188,108,200,122,207,141,209,158,205,171,197,179,184,183,173,186,161,87,166,91,156,98,150,107,142,123,136,139,137,154,135,169,139,177,146,182,152,186,161,95,165,102,175,107,180,116,185,126,188,140,189,152,187,162,183,168,177,172,172,177,161,95,165,101,158,108,155,117,152,127,151,139,150,150,150,159,150,166,152,171,155,177,161,140,87,86,166,91,178,97,189,108,200,122,208,141,210,158,206,171,197,179,185,183,173,186,161,86,166,90,157,97,150,107,143,123,137,139,137,155,135,170,139,177,146,183,152,186,161,95,165,102,176,107,181,116,186,127,189,140,190,153,187,162,183,169,178,173,172,178,162,95,165,101,158,108,155,117,152,127,151,139,151,150,150,159,150,166,152,172,155,178,162,140,87,87,165,92,176,98,187,108,198,123,206,141,207,158,204,170,195,178,183,182,171,185,160,87,165,91,156,98,150,107,142,123,137,139,137,154,135,169,139,176,146,182,152,185,160,96,164,102,174,108,179,116,183,127,186,140,187,152,185,161,181,168,176,172,170,177,160,96,164,102,158,109,154,117,152,127,151,139,150,150,150,159,150,165,152,171,154,177,160,140,87,87,165,92,176,98,187,108,198,123,205,141,207,158,204,171,195,178,183,183,172,186,161,87,165,91,156,98,149,108,142,123,137,139,137,154,135,169,140,177,146,182,152,186,161,96,164,102,174,108,179,116,183,127,186,140,187,153,185,162,181,168,176,172,171,177,161,96,164,102,157,109,154,117,152,127,151,139,151,150,150,159,151,166,152,171,155,177,161,140,83,89,163,93,173,100,183,109,194,124,201,141,203,158,200,170,191,178,180,182,170,184,160,89,163,93,155,100,149,109,141,124,136,140,137,154,134,168,139,176,145,181,151,184,160,97,162,104,171,109,175,117,179,128,182,140,182,152,180,161,177,168,172,172,168,176,159,97,162,103,156,110,154,118,152,128,151,139,150,150,150,158,150,165,152,171,154,176,159,140,84,89,164,93,174,99,184,109,195,124,202,141,204,158,200,170,192,178,180,182,170,185,160,89,164,93,155,100,149,109,142,124,136,140,137,154,135,169,139,176,146,182,152,185,160,97,163,104,171,109,175,117,180,127,182,140,183,153,181,162,177,168,173,172,168,177,160,97,163,103,157,110,154,118,152,128,151,139,151,150,150,159,151,165,152,171,154,177,160,140,83,90,164,94,173,100,183,110,193,124,200,141,202,157,199,170,191,178,180,182,170,184,160,90,164,94,155,100,149,109,142,124,136,140,137,154,135,168,139,176,146,181,152,184,160,98,162,104,170,109,174,117,178,128,181,140,181,152,180,161,176,168,172,172,168,176,160,98,162,104,157,111,154,119,152,128,151,139,151,150,150,158,151,165,152,170,154,176,160,140,83,89,162,93,172,99,181,109,192,123,198,141,200,157,197,169,189,177,178,181,168,184,159,89,162,93,154,100,148,109,142,124,136,139,137,154,135,168,139,176,145,181,151,184,159,97,161,103,169,109,173,117,176,127,179,140,180,152,178,161,174,168,170,171,166,176,158,97,161,103,156,110,154,118,152,128,151,139,151,150,150,158,150,165,152,170,153,176,158,141,83,89,162,94,171,100,180,110,190,124,197,141,198,157,195,170,188,178,177,182,167,185,158,89,162,93,154,101,148,110,141,125,136,140,137,155,134,169,139,176,145,182,151,185,158,97,160,104,168,109,171,117,175,128,177,141,178,152,176,161,173,168,169,172,165,177,158,97,160,104,155,111,153,119,152,129,151,140,151,150,150,159,150,166,151,171,153,177,158,142,83,90,161,94,170,100,180,110,190,124,196,141,198,158,195,170,187,178,176,182,167,185,158,90,161,94,154,101,148,110,141,125,136,140,137,155,134,169,139,176,145,182,150,185,158,98,160,104,167,109,171,118,174,128,176,141,177,152,175,161,172,168,168,172,165,177,157,98,160,104,155,111,153,119,152,129,151,140,151,150,150,159,150,166,151,171,153,177,157,141,83,90,164,94,174,100,184,110,195,124,202,141,204,158,201,170,192,178,181,182,170,184,160,90,164,94,155,101,149,109,141,125,135,140,136,154,134,168,139,176,146,181,152,184,160,98,163,104,171,110,175,118,179,128,182,141,183,153,181,161,177,168,173,171,168,176,160,98,163,104,157,111,154,119,152,129,151,140,150,150,150,158,150,165,152,170,154,176,160,141,83,90,164,94,173,100,183,110,194,124,201,142,203,158,200,170,192,178,180,182,170,184,160,90,164,94,155,101,149,110,142,125,136,140,137,155,134,169,139,176,146,181,152,184,160,98,163,105,171,110,175,118,179,128,181,141,182,153,180,161,177,168,172,172,168,176,160,98,163,105,157,112,154,120,152,129,151,140,151,150,150,158,151,165,152,170,154,176,160,140,85,88,165,92,175,98,186,108,197,123,205,141,206,158,203,171,195,179,183,183,172,186,161,88,165,92,156,99,149,108,142,124,136,139,137,155,135,169,139,177,146,183,152,186,161,96,164,103,173,108,178,116,182,127,185,140,186,153,184,162,180,169,175,173,170,178,161,96,164,103,157,110,154,118,152,128,151,139,150,150,150,159,150,166,152,172,155,178,161,140,85,88,165,92,175,98,186,108,197,123,204,141,206,158,203,171,194,179,182,183,172,186,161,88,165,92,156,99,149,108,142,123,136,139,137,154,135,169,140,177,146,182,152,186,161,96,164,103,173,108,177,116,182,127,185,140,186,152,184,162,180,169,175,172,170,177,161,96,164,102,157,109,154,118,152,127,151,139,151,150,150,159,151,166,152,172,155,177,161,139,84,87,163,92,172,98,182,109,191,123,198,141,199,157,196,170,189,178,178,183,168,186,159,87,163,91,155,98,149,108,142,124,136,139,137,154,135,169,139,177,145,183,151,186,159,95,162,102,170,107,173,116,176,127,179,140,179,152,177,162,174,169,170,173,166,178,159,95,162,101,157,109,154,117,152,127,151,139,151,150,150,159,150,166,152,173,154,178,159,140,86,87,164,92,174,98,184,108,195,123,202,141,204,158,200,170,192,179,181,183,171,186,160,87,164,91,155,98,149,108,141,124,135,139,136,154,134,169,139,177,146,183,152,186,160,96,163,102,172,108,176,116,180,127,182,140,183,152,181,162,178,169,173,173,169,178,160,96,163,102,157,109,154,117,152,127,150,139,150,150,150,159,150,166,152,172,154,178,160,140,85,86,161,91,170,98,178,108,188,122,194,140,195,156,192,169,185,177,175,182,166,186,158,86,161,90,154,97,148,107,141,123,136,139,137,154,135,168,139,177,145,183,151,186,158,94,160,101,167,106,169,115,172,126,174,139,175,151,173,161,171,168,167,173,164,178,158,94,160,100,155,108,153,116,152,126,151,138,151,150,150,159,150,166,151,172,153,178,158,141,88,87,162,92,171,98,180,109,190,123,196,140,198,157,195,169,187,178,177,183,167,186,158,87,162,91,154,98,148,108,141,124,136,140,137,155,134,169,139,177,145,183,150,186,158,95,161,102,168,107,172,116,175,127,177,140,178,152,176,162,173,169,169,173,165,178,158,95,161,101,156,108,153,117,151,127,150,139,150,150,150,159,150,167,151,173,153,178,158,140,87,87,162,92,171,98,179,109,188,123,194,140,196,157,193,169,186,178,176,183,166,186,158,87,162,91,155,98,149,108,142,124,136,139,137,154,135,169,139,177,145,183,150,186,158,95,161,102,167,107,170,116,173,127,175,140,175,152,174,161,171,169,167,173,164,178,157,95,161,101,156,108,154,117,152,127,151,139,151,150,150,159,150,166,151,172,153,178,157,141,88,88,162,92,170,99,179,109,188,123,194,140,195,157,192,169,185,177,175,182,166,185,158,88,162,91,154,99,149,108,142,124,136,139,137,154,135,169,139,177,145,182,150,185,158,96,161,102,167,108,170,116,173,127,175,140,175,152,173,161,171,168,167,172,164,177,157,96,161,102,156,109,154,117,152,127,151,139,151,150,150,159,150,166,151,172,153,177,157,140,86,86,160,91,168,98,175,109,184,123,189,140,191,156,188,169,181,177,172,182,163,185,155,86,160,90,153,97,148,107,141,123,136,139,137,154,135,168,138,177,144,182,149,185,155,94,159,100,164,106,166,115,168,126,170,139,170,151,169,161,166,168,163,172,161,178,155,94,159,100,155,107,153,116,152,127,151,139,151,150,150,159,150,166,150,172,151,178,155,140,85,86,160,91,168,98,176,109,184,123,190,141,191,157,188,169,181,178,172,183,163,187,155,86,160,90,153,98,148,107,141,124,136,139,137,154,134,169,138,178,143,184,148,187,155,94,159,101,164,107,167,116,169,127,170,140,171,152,169,162,166,169,163,173,160,179,155,94,159,100,154,108,153,116,152,127,151,139,151,150,150,160,149,167,150,173,151,179,155,140,85,87,160,92,167,99,175,109,183,124,189,141,190,157,187,169,180,178,170,183,162,186,154,87,160,90,153,98,148,108,141,124,136,139,137,154,134,169,138,177,143,183,148,186,154,94,159,101,163,107,166,116,168,127,169,140,169,152,167,161,165,169,162,173,159,178,154,94,159,101,155,108,153,117,152,127,151,139,151,150,150,159,149,167,150,173,151,178,154,140,85,88,160,92,167,99,175,110,183,124,189,141,190,157,187,169,180,178,170,183,162,186,154,88,160,91,153,99,148,108,141,124,136,140,137,154,134,169,138,177,143,183,148,186,154,96,159,102,163,108,166,117,168,127,169,140,169,152,168,162,165,169,162,173,159,179,154,96,159,102,154,109,153,117,151,128,151,139,150,150,150,160,149,167,150,173,150,179,154,138,84,87,159,92,165,99,172,109,180,123,185,140,186,155,183,168,177,177,168,183,161,186,154,87,159,90,153,98,147,107,141,123,135,138,136,153,134,168,138,177,143,183,148,186,154,94,158,101,161,107,163,115,164,126,165,139,165,151,163,161,161,169,159,173,158,179,153,94,158,101,154,108,153,116,151,127,151,138,151,150,150,159,149,167,150,173,150,179,153
311,132,84,79,161,84,168,91,175,101,183,115,188,132,189,147,187,160,180,168,172,173,164,177,156,79,161,83,154,91,149,100,142,116,136,131,137,146,135,160,139,168,145,174,150,177,156,87,160,93,164,99,166,108,168,119,169,131,169,143,168,152,166,160,163,164,161,169,156,87,160,93,156,101,154,109,152,119,151,131,151,141,150,150,150,157,151,163,152,169,156,132,83,78,159,82,166,90,173,101,181,115,186,131,187,147,184,159,178,168,170,173,162,177,154,78,159,82,152,90,147,100,141,116,136,131,137,145,135,159,138,168,144,173,149,177,154,85,158,92,162,98,164,107,165,118,167,131,167,143,166,152,163,159,161,164,159,169,154,85,158,92,154,99,153,108,151,119,151,130,151,141,150,150,150,157,150,163,151,169,154,132,83,77,162,82,170,89,179,99,188,114,195,132,196,148,193,161,186,169,176,174,167,177,158,77,162,81,154,89,148,99,142,115,136,131,137,146,135,160,139,168,145,174,150,177,158,85,161,92,167,98,170,107,173,118,175,131,176,143,174,153,171,160,168,164,164,170,157,85,161,92,156,99,154,108,152,118,151,130,151,141,150,150,150,158,151,164,153,170,157,132,85,78,163,83,172,90,181,100,190,115,196,132,197,148,194,161,187,169,177,174,167,177,158,78,163,82,155,90,149,100,142,116,136,131,137,146,135,160,139,168,145,174,151,177,158,86,162,93,169,99,172,107,175,118,177,132,177,144,175,153,172,160,169,164,165,169,158,86,162,93,157,100,154,109,152,119,151,131,151,142,150,150,150,157,151,163,153,169,158,131,85,77,163,82,172,89,181,99,191,114,197,132,199,148,196,161,188,169,177,174,167,177,158,77,163,81,155,89,149,98,142,115,136,130,137,145,134,160,138,168,144,174,150,177,158,85,162,92,169,98,173,107,176,118,178,131,179,143,177,153,174,160,169,164,166,169,158,85,162,91,156,99,154,108,152,118,151,130,150,141,150,150,150,157,151,163,153,169,158,131,85,77,163,82,173,89,182,99,192,114,198,132,199,148,196,161,189,169,178,174,168,177,158,77,163,81,155,89,149,98,142,115,136,130,137,145,134,160,138,168,144,174,150,177,158,85,162,92,170,98,173,107,177,118,179,131,179,143,177,153,174,160,170,164,166,169,158,85,162,92,157,99,154,108,152,118,151,130,150,141,150,150,150,157,151,163,153,169,158,130,85,76,164,81,173,87,182,98,192,113,198,131,199,148,196,160,188,169,178,173,168,176,158,76,164,80,155,87,149,97,142,114,136,130,137,145,134,160,138,168,144,173,150,176,158,84,163,91,170,97,173,106,176,117,178,130,179,143,177,152,174,159,170,163,166,168,158,84,163,90,157,98,154,106,152,117,151,129,150,140,150,150,150,157,151,163,153,168,158,131,83,76,165,80,175,87,184,98,194,113,201,131,203,149,199,162,191,170,180,175,170,178,159,76,165,80,156,87,149,97,142,114,136,130,136,145,134,160,138,169,145,174,151,178,159,84,164,91,172,97,176,106,179,117,181,131,182,143,180,153,176,160,172,164,168,169,159,84,164,90,158,98,155,107,152,117,151,130,150,141,150,150,150,157,151,163,154,169,159,131,82,75,163,80,172,87,182,98,192,113,198,131,200,148,196,161,189,169,178,174,168,177,158,75,163,80,155,87,148,97,141,114,135,130,136,145,133,160,138,168,144,174,150,177,158,83,162,91,169,96,173,105,176,117,178,130,179,143,177,152,174,159,170,164,166,169,158,83,162,90,156,98,154,106,152,117,151,129,150,140,149,150,150,157,151,163,153,169,158,131,83,76,164,80,174,87,183,98,193,113,200,131,201,148,198,161,190,170,179,174,169,177,159,76,164,80,156,87,149,97,142,114,136,130,137,145,134,160,139,168,145,174,151,177,159,84,163,91,171,97,174,106,178,117,180,131,181,143,179,153,175,160,171,164,167,169,159,84,163,90,157,98,155,107,153,117,151,129,151,141,150,150,150,157,152,163,154,169,159,131,83,75,164,80,173,87,183,98,193,113,199,131,201,148,198,161,190,170,179,174,168,177,158,75,164,79,155,87,149,97,142,114,136,130,136,145,134,160,138,168,144,174,150,177,158,83,163,90,170,96,174,106,178,117,180,131,180,143,178,153,175,160,171,164,166,169,158,83,163,90,157,98,154,107,152,117,151,130,150,141,150,150,150,157,151,163,153,169,158,130,84,75,164,80,174,87,185,98,195,113,202,131,203,149,200,161,192,170,180,174,169,177,159,75,164,79,156,87,149,97,142,113,136,130,137,145,134,160,138,168,145,174,151,177,159,83,163,90,172,96,176,105,180,117,182,131,183,143,181,153,177,160,172,164,168,169,159,83,163,90,157,98,154,107,152,117,151,129,150,141,150,150,150,157,151,163,153,169,159,130,85,75,164,80,174,87,184,98,194,113,201,131,203,148,199,161,191,170,180,174,169,177,159,75,164,79,156,87,149,97,142,113,136,129,137,145,134,160,139,168,145,174,151,177,159,83,163,90,172,96,176,105,180,116,182,130,183,143,181,153,177,160,172,164,168,169,159,83,163,89,157,97,154,106,152,117,151,129,150,140,150,150,150,157,151,163,153,169,159,130,84,75,164,80,173,87,183,98,194,113,200,131,202,148,198,161,190,169,179,174,169,177,158,75,164,79,155,87,149,97,142,113,136,130,137,145,134,160,138,168,144,174,150,177,158,83,163,90,171,96,175,105,179,117,181,130,182,143,180,152,176,160,171,164,167,169,158,83,163,90,157,97,154,106,152,117,151,129,150,140,149,150,150,157,151,163,153,169,158,129,84,75,164,80,173,87,183,98,193,113,199,131,201,148,197,161,189,169,179,174,168,177,158,75,164,79,156,87,149,97,142,113,136,129,137,144,134,159,138,168,145,174,150,177,158,83,163,90,171,96,174,105,178,116,180,130,181,143,179,152,175,160,171,164,167,169,158,83,163,90,157,97,154,106,152,117,151,129,151,140,150,150,150,157,151,163,153,169,158,129,84,75,164,80,173,87,183,98,193,113,199,131,200,148,197,161,189,169,178,174,168,177,158,75,164,79,156,87,149,97,142,113,136,129,137,144,134,159,138,168,145,174,150,177,158,83,163,90,170,96,174,105,177,116,180,130,180,143,178,152,175,160,171,164,166,169,158,83,163,89,157,97,154,106,152,116,151,129,151,140,150,150,150,157,151,163,153,169,158,130,85,76,165,81,175,88,186,98,196,113,203,132,205,149,201,162,193,170,182,175,171,178,160,76,165,80,156,88,150,97,142,114,136,130,137,145,135,160,139,168,146,174,152,178,160,84,164,91,173,97,177,106,181,117,184,131,185,144,183,153,179,160,174,164,170,169,160,84,164,91,158,98,155,107,152,117,151,130,151,141,150,150,150,157,152,163,154,169,160,130,84,75,164,80,175,87,185,97,196,112,203,131,205,148,202,161,193,170,181,174,170,178,159,75,164,79,155,87,149,97,142,113,136,129,137,145,134,160,139,168,145,174,151,178,159,83,163,90,172,96,177,105,181,116,184,130,185,143,183,153,179,160,174,164,169,169,159,83,163,90,157,97,154,106,152,117,151,129,150,140,149,150,150,157,151,163,153,169,159,130,87,78,166,82,177,89,188,99,200,113,207,132,209,149,205,162,197,170,184,174,173,177,161,78,166,82,156,89,150,98,142,114,137,130,137,145,135,160,139,168,146,173,152,177,161,86,165,93,175,98,180,107,185,117,188,131,189,143,187,153,183,159,177,163,172,168,161,86,165,92,158,99,155,108,152,118,151,130,150,141,150,150,150,157,152,162,155,168,161,131,87,77,166,82,178,88,189,99,201,113,208,132,210,149,206,162,197,170,185,174,173,177,161,77,166,81,157,88,150,98,143,114,137,130,137,146,135,161,139,168,146,174,152,177,161,86,166,93,176,98,181,107,186,117,189,131,190,144,188,153,183,160,178,164,172,169,162,86,166,92,158,99,155,108,152,118,151,130,151,141,150,150,150,157,152,163,155,169,162,132,88,79,165,84,176,90,187,100,198,115,206,133,207,150,204,162,195,170,183,174,171,177,160,79,165,83,156,90,150,99,143,115,137,131,137,146,135,161,139,168,146,174,152,177,160,88,164,94,174,100,179,108,183,119,187,132,187,144,185,153,181,160,176,164,170,169,160,88,164,94,157,101,154,109,152,119,151,131,150,142,150,150,150,157,152,163,154,169,160,131,86,78,164,83,175,89,186,99,197,114,204,132,206,149,203,162,194,169,182,174,171,177,160,78,164,82,155,89,149,99,141,114,136,130,136,145,134,160,139,168,145,173,151,177,160,87,163,93,173,99,177,107,182,118,185,131,186,144,184,153,180,159,175,163,170,168,160,87,163,93,156,100,153,108,151,118,150,130,150,141,149,150,150,157,151,162,154,168,160,132,84,81,163,85,173,91,183,101,194,116,201,133,203,150,200,162,191,170,180,174,170,177,160,81,163,85,155,92,149,101,141,116,136,132,137,146,134,160,139,168,145,173,151,177,160,89,162,96,171,101,175,109,179,120,182,132,182,144,180,153,177,160,172,164,168,168,159,89,162,95,156,102,154,110,152,120,151,131,150,142,150,150,150,157,152,163,154,168,159,131,83,80,163,84,173,91,183,100,194,115,201,132,203,149,199,161,191,169,179,173,169,176,159,80,163,84,154,91,148,100,141,115,135,131,136,145,134,160,138,167,145,173,151,176,159,88,162,95,170,100,174,108,179,119,181,131,182,144,180,153,176,159,172,163,167,168,159,88,162,94,156,101,153,110,151,119,150,131,150,141,149,150,150,156,151,162,153,168,159,132,82,82,163,86,172,92,182,102,192,116,199,133,201,149,198,162,190,170,179,174,169,176,159,82,163,86,154,92,148,101,141,116,135,132,136,146,134,160,138,168,145,173,151,176,159,90,161,96,169,101,173,109,177,120,180,132,180,144,179,153,175,160,171,164,167,168,159,90,161,96,156,103,153,111,151,120,150,131,150,142,149,150,150,157,151,162,153,168,159,132,82,81,161,85,171,92,180,101,191,115,197,133,199,149,196,161,188,169,177,173,167,176,158,81,161,85,153,92,147,101,141,116,135,131,136,146,134,160,138,168,144,173,150,176,158,89,160,95,168,101,172,109,175,119,178,132,179,144,177,153,173,160,169,163,165,168,157,89,160,95,155,102,153,110,151,120,150,131,150,142,149,150,150,157,151,162,152,168,157,132,82,80,162,85,171,91,180,101,190,115,197,132,198,148,195,161,188,169,177,173,167,176,158,80,162,84,154,91,148,101,141,116,136,131,137,146,134,160,139,167,145,173,150,176,158,88,160,95,168,100,171,108,175,119,177,132,178,143,176,152,173,159,169,163,165,168,158,88,160,95,155,102,153,110,152,120,151,131,151,141,150,150,150,157,151,162,153,168,158,133,83,81,161,85,170,91,180,101,190,115,196,132,198,148,195,161,187,169,176,173,167,176,158,81,161,85,154,92,148,101,141,116,136,131,137,146,134,160,139,167,145,173,150,176,158,89,160,95,167,100,171,109,174,119,176,132,177,143,175,152,172,159,168,163,165,168,158,89,160,95,155,102,153,110,152,120,151,131,151,141,150,150,150,157,151,162,153,168,158,133,83,82,164,86,174,92,184,102,195,116,202,133,204,150,201,162,192,170,181,174,170,176,160,82,164,86,155,93,149,101,141,117,135,132,136,146,134,160,139,168,146,173,152,176,160,90,163,96,171,102,175,110,179,120,182,133,183,144,181,153,177,160,173,163,169,168,160,90,163,96,157,103,154,111,152,121,151,132,150,142,150,150,150,157,152,162,154,168,160,133,82,82,163,86,172,92,182,102,193,116,200,134,202,150,199,162,191,170,179,174,169,176,159,82,163,86,154,93,148,102,140,117,135,132,136,147,133,161,138,168,145,173,151,176,159,90,162,97,170,102,174,110,178,120,180,133,181,145,179,153,176,160,171,164,167,168,159,90,162,97,156,104,153,111,151,121,150,132,149,142,149,150,150,157,151,162,153,168,159,131,85,79,165,83,175,89,186,99,197,114,205,132,206,149,203,162,195,170,183,174,172,177,161,79,165,83,156,90,149,99,142,115,136,130,137,146,135,160,139,168,146,174,152,177,161,87,164,94,173,99,178,107,182,118,185,131,186,144,184,153,180,160,175,164,170,169,161,87,164,93,157,101,154,109,152,119,151,130,150,141,150,150,150,157,152,163,155,169,161,131,84,79,164,83,174,89,185,99,196,114,203,132,205,149,202,162,193,170,182,174,171,177,160,79,164,83,155,90,148,99,141,114,135,130,136,145,134,160,138,168,145,173,151,177,160,87,163,94,172,99,177,107,181,118,184,131,185,144,183,153,179,160,174,164,169,169,160,87,163,93,156,100,153,109,151,118,150,130,149,141,149,150,150,157,151,163,154,169,160,130,84,78,163,83,172,89,182,100,191,114,198,132,200,148,196,161,189,170,178,174,168,178,159,78,163,82,155,89,149,99,142,115,136,130,137,145,135,160,139,168,145,174,151,178,159,86,162,93,170,98,173,107,176,118,179,131,179,143,178,153,174,160,170,164,166,170,159,86,162,92,157,100,154,108,152,118,151,130,151,141,150,150,150,158,152,164,154,170,159,131,86,78,164,83,174,89,184,99,195,114,202,132,204,149,200,161,192,170,181,174,171,177,160,78,164,82,155,89,149,99,141,115,136,130,136,145,134,160,139,168,146,174,152,177,160,86,163,93,172,99,176,107,180,118,182,131,183,143,181,153,178,160,173,164,169,169,160,86,163,93,157,100,154,108,152,118,150,130,150,141,150,150,150,157,152,163,154,169,160,131,85,77,161,82,170,89,178,99,188,113,194,131,195,147,192,160,185,168,175,173,166,177,158,77,161,81,154,88,148,98,141,114,136,130,137,145,135,159,139,168,145,174,151,177,158,85,160,92,166,97,169,106,172,117,174,130,175,142,173,152,171,159,167,164,164,169,158,85,160,91,155,99,153,107,152,117,151,129,151,141,150,150,150,157,151,163,153,169,158,132,88,78,162,82,171,89,180,100,190,114,196,131,198,148,195,160,187,169,177,174,167,177,158,78,162,82,154,89,148,99,141,115,136,131,137,146,134,160,139,168,145,174,150,177,158,86,161,93,168,98,172,107,175,118,177,131,178,143,176,153,173,160,169,164,165,169,158,86,161,92,156,99,153,108,151,118,150,130,150,141,149,150,150,158,151,164,153,169,158,131,87,78,162,83,171,89,179,100,188,114,194,131,196,148,193,160,186,169,176,174,166,177,158,78,162,82,155,89,149,99,142,115,136,130,137,145,135,160,139,168,145,174,150,177,158,86,161,93,167,98,170,107,173,118,175,131,175,143,174,152,171,160,167,164,164,169,157,86,161,92,156,99,154,108,152,118,151,130,151,141,150,150,150,157,151,163,153,169,157,132,88,79,162,83,170,90,179,100,188,114,194,131,195,148,192,160,185,168,175,173,166,176,158,79,162,82,154,90,149,99,142,115,136,130,137,145,135,160,139,168,145,173,150,176,158,87,161,93,167,99,170,107,173,118,175,131,175,143,173,152,171,159,167,163,164,168,157,87,161,93,156,100,154,108,152,118,151,130,151,141,150,150,150,157,151,163,153,168,157,131,86,77,160,82,168,89,175,100,184,114,189,131,191,147,188,160,181,168,172,173,163,176,155,77,160,81,153,88,148,98,141,114,136,130,137,145,135,160,138,168,144,173,149,176,155,85,159,91,164,97,166,106,168,117,170,130,170,142,169,152,166,159,163,163,161,169,155,85,159,91,155,98,153,107,152,118,151,130,151,141,150,150,150,157,150,163,151,169,155,130,86,76,161,81,169,88,177,99,185,113,191,130,192,147,189,159,182,168,173,173,164,177,156,76,161,80,154,87,149,97,142,114,137,129,138,144,135,159,139,168,144,174,149,177,156,84,160,91,165,97,168,106,170,117,171,130,172,142,170,152,167,159,164,163,161,169,156,84,160,90,155,98,154,106,153,117,152,129,152,140,151,150,150,157,151,163,152,169,156,131,86,78,161,83,168,90,176,100,184,115,190,132,191,148,188,160,181,169,171,174,163,177,155,78,161,82,154,89,149,99,142,115,137,130,138,145,135,160,139,168,144,174,149,177,155,85,160,92,164,98,167,107,169,118,170,131,170,143,168,152,166,160,163,164,160,169,155,85,160,92,156,99,154,108,153,118,152,130,152,141,151,150,150,158,151,164,152,169,155,130,86,78,161,82,168,89,176,100,184,114,190,131,191,147,188,159,181,168,171,173,163,176,155,78,161,81,154,89,149,98,142,114,137,130,138,144,135,159,139,167,144,173,149,176,155,85,160,92,164,98,167,107,169,117,170,130,170,142,169,152,166,159,163,163,160,169,155,85,160,92,155,99,154,107,152,117,152,129,151,140,151,150,150,157,151,163,151,169,155,129,85,78,160,83,166,90,173,100,181,114,186,131,187,146,184,159,178,168,169,174,162,177,155,78,160,81,154,89,148,98,142,114,136,129,137,144,135,159,139,168,144,174,149,177,155,85,159,92,162,98,163,106,165,117,166,130,166,142,164,152,162,160,160,164,159,170,154,85,159,92,155,99,154,107,152,118,152,129,152,141,151,150,150,158,151,164,151,170,154
310,125,83,72,160,77,167,84,174,94,182,108,187,125,188,140,186,153,179,161,171,166,163,170,155,72,160,76,153,84,148,94,141,109,135,124,136,139,134,153,138,161,144,167,149,170,155,80,159,86,163,92,165,101,167,112,168,124,168,136,167,145,165,153,162,157,160,162,155,80,159,86,155,94,153,102,151,112,150,124,150,134,149,143,149,150,150,156,151,162,155,125,83,71,159,75,166,83,173,94,181,108,186,124,187,140,184,152,178,161,170,166,162,170,154,71,159,75,152,83,147,93,141,109,136,124,137,138,135,153,138,161,144,167,148,170,154,78,158,85,162,91,164,100,165,111,167,124,167,136,166,145,163,152,161,157,159,162,154,78,158,85,154,92,153,101,151,112,151,123,151,134,150,143,150,150,150,156,151,162,154,124,82,69,161,74,169,81,178,91,187,106,193,124,195,140,192,153,185,161,175,166,166,169,157,69,161,73,153,81,147,91,141,107,135,123,136,138,134,152,138,160,144,166,149,169,157,77,160,84,166,90,169,99,172,110,174,123,175,135,173,145,170,152,167,156,163,162,156,77,160,84,155,91,153,100,151,110,150,122,150,133,149,142,149,150,150,156,152,162,156,125,84,71,162,76,171,83,180,93,189,108,195,125,196,142,193,154,186,162,176,167,166,170,157,71,162,75,154,83,148,93,141,109,135,124,136,139,134,153,138,161,144,167,150,170,157,79,161,86,168,92,171,100,174,111,176,125,176,137,174,146,171,153,168,157,164,162,157,79,161,86,156,93,153,102,152,112,150,124,150,135,149,143,149,150,150,156,152,162,157,124,84,70,162,75,171,82,180,92,190,107,196,125,198,141,195,154,187,162,176,167,166,170,157,70,162,74,154,82,148,91,141,108,135,123,136,138,133,153,137,161,143,167,149,170,157,78,161,85,168,91,172,100,175,111,177,124,178,136,176,146,172,153,168,157,165,162,157,78,161,84,155,92,153,101,151,111,150,123,149,134,149,143,149,150,150,156,152,162,157,124,84,70,162,75,172,82,181,92,191,107,197,125,198,141,195,154,188,162,177,167,167,170,157,70,162,74,154,82,148,91,141,108,135,123,136,138,133,153,137,161,143,167,149,170,157,78,161,85,169,91,172,100,176,111,178,124,178,136,176,146,173,153,169,157,165,162,157,78,161,85,156,92,153,101,151,111,150,123,149,134,149,143,149,150,150,156,152,162,157,123,84,69,163,74,172,80,181,91,191,106,197,124,198,141,195,153,187,162,177,166,167,169,157,69,163,73,154,80,148,90,141,106,135,123,136,138,133,153,137,161,143,166,149,169,157,77,162,84,169,90,172,99,175,110,177,123,178,136,176,145,173,152,169,156,165,161,157,77,162,83,156,91,153,99,151,110,150,122,149,133,149,143,149,150,150,156,152,161,157,124,81,69,163,73,173,80,182,91,192,106,199,124,201,142,197,155,189,163,178,168,168,171,157,69,163,73,154,80,147,90,140,107,134,123,134,138,132,153,136,162,143,167,149,171,157,77,162,84,170,90,174,99,177,110,179,124,180,136,178,146,174,153,170,157,166,162,157,77,162,83,156,91,153,100,150,110,149,123,148,134,148,143,148,150,150,156,152,162,157,124,81,68,162,73,171,80,181,91,191,106,197,124,199,141,195,154,188,162,177,167,167,170,157,68,162,73,154,80,147,90,140,107,134,123,135,138,132,153,137,161,143,167,149,170,157,76,161,84,168,89,172,98,175,110,177,123,178,136,176,145,173,152,169,157,165,162,157,76,161,83,155,91,153,99,151,110,150,122,149,133,148,143,149,150,150,156,152,162,157,124,82,69,162,73,172,80,181,91,191,106,198,124,199,141,196,154,188,163,177,167,167,170,157,69,162,73,154,80,147,90,140,107,134,123,135,138,132,153,137,161,143,167,149,170,157,77,161,84,169,90,172,99,176,110,178,124,179,136,177,146,173,153,169,157,165,162,157,77,161,83,155,91,153,100,151,110,149,123,149,134,148,143,148,150,150,156,152,162,157,124,82,68,163,73,172,80,182,91,192,106,198,124,200,142,197,154,189,163,178,167,167,170,157,68,163,72,154,80,148,90,141,107,135,123,135,138,133,153,137,161,143,167,149,170,157,76,162,83,169,89,173,99,177,110,179,124,180,136,177,146,174,153,170,157,166,162,157,76,162,83,156,91,153,100,151,110,150,123,149,134,149,143,149,150,150,156,152,162,157,123,83,68,163,73,173,80,184,91,194,106,201,124,202,142,199,154,191,163,179,167,168,170,158,68,163,73,155,80,148,90,141,107,135,123,136,138,133,153,137,161,144,167,150,170,158,76,162,84,171,89,175,99,179,110,181,124,182,136,180,146,176,153,171,157,167,162,158,76,162,83,156,91,153,100,151,110,150,122,149,134,149,143,149,150,150,156,152,162,158,123,84,68,163,73,173,80,183,91,193,106,200,124,202,141,198,154,190,163,179,167,168,170,158,68,163,72,155,80,148,90,141,106,135,122,136,138,133,153,138,161,144,167,150,170,158,76,162,83,171,89,175,98,178,109,181,123,182,136,180,146,176,153,171,157,167,162,158,76,162,82,156,90,153,99,151,110,150,122,149,133,149,143,149,150,150,156,152,162,158,123,83,68,163,73,172,80,182,91,193,106,199,124,201,141,197,154,189,162,178,167,168,170,157,68,163,72,154,80,148,90,141,106,135,123,136,138,133,153,137,161,143,167,149,170,157,76,162,83,170,89,174,98,178,109,180,123,181,136,179,145,175,153,170,157,166,162,157,76,162,83,156,90,153,99,151,110,150,122,149,133,148,143,149,150,150,156,152,162,157,122,83,68,163,73,172,80,182,91,192,106,198,124,200,141,196,154,188,162,178,167,167,170,157,68,163,72,155,80,148,90,141,106,135,122,136,137,133,152,137,161,144,167,149,170,157,76,162,83,170,89,173,98,177,109,179,123,180,136,177,145,174,153,170,157,166,162,157,76,162,83,156,90,153,99,151,110,150,122,149,133,149,143,149,150,150,156,152,162,157,122,83,68,163,73,172,80,182,91,192,106,198,124,199,141,196,154,188,162,177,167,167,170,157,68,163,72,155,80,148,90,141,106,135,122,136,137,133,152,137,161,144,167,149,170,157,76,162,83,169,89,173,98,177,109,179,123,179,136,177,145,174,153,170,157,166,162,157,76,162,82,156,90,153,99,151,110,150,122,150,133,149,143,149,150,150,156,152,162,157,123,83,69,163,74,173,81,184,91,194,106,201,125,203,142,200,155,191,163,180,168,169,171,158,69,163,73,154,81,148,90,140,107,134,123,135,138,133,153,137,161,144,167,150,171,158,77,162,84,171,90,175,99,179,110,182,124,183,137,181,146,177,153,172,157,168,162,158,77,162,84,156,91,153,100,150,110,149,123,149,134,148,143,148,150,150,156,152,162,158,123,83,68,163,73,174,80,184,91,195,105,202,124,204,141,201,154,192,163,180,167,169,171,158,68,163,72,154,80,148,90,141,106,135,122,136,138,134,153,138,161,144,167,150,171,158,76,162,83,172,89,176,98,180,109,183,123,184,136,182,146,178,153,173,157,168,162,158,76,162,83,156,90,153,99,151,110,150,122,149,133,149,143,149,150,150,156,153,162,158,123,85,71,164,75,175,82,186,92,197,106,205,124,207,142,203,155,195,162,182,167,171,170,159,71,164,75,154,82,148,91,140,107,134,123,135,138,133,153,137,161,144,166,150,170,159,79,163,86,173,91,178,100,183,110,186,124,187,136,185,146,180,152,175,156,170,161,159,79,163,85,156,92,153,101,150,111,149,123,148,134,148,143,148,150,150,155,153,161,159,124,85,70,164,75,176,81,187,92,198,106,206,125,208,142,204,155,195,163,183,167,171,170,159,70,164,74,155,81,148,91,141,107,135,123,135,139,133,154,137,161,144,167,150,170,159,79,163,86,174,91,179,100,184,110,187,124,188,137,185,146,181,153,176,157,170,162,160,79,163,85,156,92,153,101,150,111,149,123,149,134,148,143,148,150,150,156,153,162,160,125,85,72,163,77,174,83,185,93,196,108,204,126,205,143,202,155,193,163,181,167,169,170,158,72,163,76,154,83,148,92,140,108,135,124,135,139,133,154,137,161,144,167,150,170,158,81,162,87,172,93,177,101,181,112,184,125,185,137,183,146,179,153,174,157,168,162,158,81,162,87,156,94,152,102,150,112,149,124,148,135,148,144,148,150,150,156,152,162,158,124,85,71,163,76,174,82,185,92,196,107,203,125,205,142,202,155,193,162,181,167,170,170,159,71,163,75,154,82,148,92,140,107,135,123,135,138,133,153,138,161,144,166,150,170,159,80,162,86,172,92,176,100,181,111,184,124,185,137,183,146,179,152,174,156,169,161,159,80,162,86,155,93,152,101,150,111,149,123,149,134,148,143,149,150,150,155,153,161,159,125,82,74,161,78,171,84,181,94,192,109,199,126,201,143,198,155,189,163,178,167,168,170,158,74,161,78,153,85,147,94,140,109,134,125,135,139,133,153,137,161,143,166,149,170,158,82,160,89,169,94,173,102,177,113,180,125,180,137,178,146,175,153,170,157,166,161,157,82,160,88,154,95,152,103,150,113,149,124,148,135,148,143,148,150,150,156,152,161,157,125,82,74,162,78,172,84,182,94,193,109,200,126,202,143,198,155,190,163,179,167,168,170,158,74,162,78,153,85,147,94,140,109,134,125,135,139,133,154,137,161,144,167,150,170,158,82,161,89,169,94,174,102,178,112,180,125,181,138,179,147,176,153,171,157,166,162,158,82,161,88,155,95,152,103,150,113,149,125,149,135,148,144,149,150,150,156,152,162,158,125,81,75,162,79,171,85,181,95,191,109,198,126,200,143,197,155,189,163,178,167,168,169,158,75,162,79,153,85,147,94,140,109,134,125,135,139,133,153,137,161,144,166,150,169,158,83,160,89,168,94,172,102,176,113,179,125,180,137,178,146,174,153,170,157,166,161,158,83,160,89,155,96,152,104,150,113,149,124,149,135,148,143,149,150,150,155,152,161,158,125,81,74,160,78,170,84,179,94,190,108,196,126,198,142,195,154,187,162,176,166,166,169,157,74,160,78,152,85,146,94,140,109,134,124,135,139,133,153,137,160,143,166,149,169,157,82,159,88,167,94,171,102,174,112,177,125,178,137,176,146,172,153,168,156,164,161,156,82,159,88,154,95,152,103,150,113,149,124,149,135,148,143,148,150,150,155,151,161,156,125,81,73,161,78,169,84,179,94,189,108,196,125,197,142,194,154,186,162,176,166,166,169,157,73,161,78,153,85,147,94,140,109,135,124,136,139,133,153,138,160,144,166,149,169,157,81,159,88,166,93,170,101,173,112,176,125,177,137,175,146,172,152,168,156,164,161,157,81,159,88,154,95,152,103,151,113,150,124,150,134,149,143,149,150,150,155,152,161,157,126,82,74,160,78,169,84,179,94,189,108,195,125,197,142,194,154,186,162,175,166,166,169,157,74,160,78,153,85,147,94,140,109,135,124,136,139,133,153,138,160,144,166,149,169,157,82,159,88,166,93,170,102,173,112,175,125,176,137,174,145,171,152,167,156,164,161,156,82,159,88,154,95,152,103,151,113,150,124,150,134,149,143,149,150,150,155,152,161,156,126,81,75,162,79,172,85,182,95,193,109,200,126,202,143,199,155,190,163,179,167,168,169,158,75,162,79,153,86,147,94,139,110,133,125,134,139,132,153,137,161,144,166,150,169,158,83,161,89,169,95,173,103,177,113,180,126,181,138,179,146,175,153,171,156,167,161,158,83,161,89,155,96,152,104,150,114,149,125,148,135,148,143,148,150,150,155,152,161,158,126,81,75,162,79,171,85,181,95,192,109,199,127,201,143,198,155,190,163,178,167,168,169,158,75,162,79,153,86,147,95,139,110,134,125,135,140,132,154,137,161,144,166,150,169,158,83,161,90,169,95,173,103,177,113,179,126,180,138,178,146,175,153,170,157,166,161,158,83,161,90,155,97,152,104,150,114,149,125,149,135,148,143,149,150,150,155,152,161,158,124,83,72,163,76,173,82,184,92,195,107,203,125,205,142,201,155,193,163,181,167,170,170,159,72,163,76,154,83,147,92,140,108,134,123,135,139,133,153,137,161,144,166,150,170,159,80,162,87,171,92,176,100,180,111,183,124,184,137,182,146,178,153,173,157,168,162,159,80,162,87,155,94,152,102,150,112,149,123,148,134,148,143,148,150,150,156,153,162,159,124,83,72,163,76,173,82,184,92,195,107,202,125,204,142,201,155,192,163,180,167,170,170,159,72,163,76,154,83,147,92,140,107,134,123,135,138,133,153,137,161,144,166,150,170,159,80,162,87,171,92,176,100,180,111,183,124,184,137,182,146,178,153,173,157,168,162,159,80,162,86,155,93,152,102,150,111,149,123,149,134,148,143,149,150,150,156,153,162,159,123,82,71,161,76,170,82,180,93,189,107,196,125,197,141,194,154,187,162,176,167,166,171,157,71,161,75,153,82,147,92,140,108,134,123,135,138,133,153,137,161,143,167,149,171,157,79,160,86,168,91,171,100,174,111,177,124,177,136,175,146,172,153,168,157,164,163,157,79,160,85,155,93,152,101,150,111,149,123,149,134,148,143,148,150,150,157,152,163,157,124,84,71,162,76,172,82,182,92,193,107,200,125,202,142,198,154,190,163,179,167,169,170,158,71,162,75,153,82,147,92,139,108,134,123,134,138,132,153,137,161,144,167,150,170,158,79,161,86,170,92,174,100,178,111,180,124,181,136,179,146,176,153,171,157,167,162,158,79,161,86,155,93,152,101,150,111,148,123,148,134,148,143,148,150,150,156,152,162,158,124,84,70,160,75,169,82,177,92,187,106,193,124,194,140,191,153,184,161,175,166,165,170,157,70,160,74,153,81,147,91,140,107,135,123,136,138,134,153,138,161,144,167,150,170,157,78,159,85,166,90,169,99,171,110,173,123,174,135,172,145,170,152,166,157,163,162,157,78,159,84,154,92,152,100,151,111,150,122,150,134,149,143,149,150,150,156,152,162,157,124,87,70,161,75,170,81,179,92,189,106,195,123,196,140,194,152,186,161,176,166,166,169,157,70,161,74,153,81,147,91,140,107,135,123,136,138,133,152,138,160,144,166,149,169,157,78,160,85,167,90,171,99,174,110,176,123,176,135,175,145,172,152,168,156,164,161,157,78,160,84,155,91,152,100,150,110,149,122,149,133,149,142,149,150,150,156,152,161,157,124,86,71,161,76,170,83,178,93,187,107,193,125,195,141,192,153,185,162,175,167,165,170,157,71,161,75,154,82,148,92,141,108,135,124,136,138,134,153,138,161,144,167,149,170,157,79,160,86,166,91,169,100,172,111,174,124,174,136,173,145,170,153,166,157,163,162,156,79,160,85,155,93,153,101,151,111,150,123,150,134,149,143,149,150,150,156,152,162,156,125,86,72,161,76,169,83,178,93,187,107,193,124,194,141,191,153,184,161,174,166,165,169,157,72,161,75,153,83,147,92,141,108,135,123,136,138,134,153,138,161,144,166,149,169,157,80,160,86,166,92,169,100,172,111,173,124,174,136,172,145,170,152,166,156,163,161,156,80,160,86,155,93,153,101,151,111,150,123,150,134,149,143,149,150,150,156,152,161,156,124,86,70,160,75,168,82,175,93,184,107,189,124,191,140,188,153,181,161,172,166,163,169,155,70,160,74,153,81,148,91,141,107,136,123,137,138,135,153,138,161,144,167,149,169,155,77,159,84,164,90,166,99,168,110,170,123,170,136,169,145,166,152,163,156,161,162,155,77,159,84,155,91,153,100,152,111,151,123,151,134,150,143,150,150,150,156,151,162,155,123,85,69,160,74,168,81,176,92,184,106,190,123,191,140,188,152,181,161,172,166,163,170,155,69,160,73,153,80,148,90,141,107,136,122,137,137,134,152,138,161,143,167,148,170,155,77,159,84,164,90,167,99,169,110,170,123,171,135,169,145,166,152,163,156,160,162,155,77,159,83,154,91,153,99,152,110,151,122,151,133,150,143,149,150,150,156,151,162,155,123,85,70,160,75,167,82,175,92,183,107,189,124,190,140,187,152,180,161,170,166,162,169,154,70,160,73,153,81,148,91,141,107,136,122,137,137,134,152,138,160,143,166,148,169,154,77,159,84,163,90,166,99,168,110,169,123,169,135,168,144,165,152,162,156,159,161,154,77,159,84,154,91,153,100,152,110,151,122,151,133,150,142,149,150,150,156,150,161,154,123,86,71,161,76,168,82,176,93,184,107,190,124,191,140,188,152,181,161,171,166,163,169,155,71,161,74,154,82,149,91,142,107,137,123,138,137,135,152,138,160,144,166,149,169,155,79,160,85,164,91,167,100,169,110,170,123,170,135,168,145,166,152,163,156,160,162,155,79,160,85,155,92,154,100,153,111,152,122,151,133,151,143,150,150,150,156,151,162,155,121,84,70,159,75,165,82,172,92,180,106,185,123,186,138,183,151,177,160,168,165,161,169,154,70,159,74,153,81,147,90,141,106,135,121,136,136,134,151,138,160,143,166,148,169,154,77,158,84,161,90,162,98,164,109,165,122,165,134,163,144,161,152,159,156,158,162,153,77,158,84,154,91,153,99,151,110,151,121,151,133,150,142,149,150,150,156,150,162,153
415,119,82,66,159,71,166,78,173,88,181,102,186,119,187,134,185,146,178,155,170,160,162,164,154,66,159,70,152,78,146,88,140,103,134,118,135,133,133,147,137,155,143,161,148,164,154,74,158,80,162,86,164,95,166,106,167,118,167,130,166,139,164,147,161,151,159,156,154,74,158,80,154,88,152,96,150,106,149,118,149,128,148,137,148,144,149,150,150,156,154,119,82,64,158,69,165,77,172,88,180,102,185,118,186,134,183,146,177,155,169,160,161,164,153,64,158,69,151,77,146,87,140,103,135,118,136,132,134,146,137,155,143,161,148,164,153,72,157,79,161,85,163,94,164,105,166,118,166,130,165,139,163,146,160,151,158,156,153,72,157,78,153,86,151,95,150,106,150,117,150,128,149,137,149,144,149,150,150,156,153,118,81,63,159,68,167,75,176,86,185,100,191,118,193,134,190,147,183,155,173,160,164,164,154,63,159,67,151,75,145,85,139,101,133,117,134,132,132,146,136,154,142,160,147,164,154,71,158,78,164,84,167,93,170,104,172,117,173,129,171,139,168,146,165,150,161,156,154,71,158,78,153,85,151,94,149,104,148,116,148,127,147,136,147,144,148,150,150,156,154,119,82,65,160,70,169,77,178,87,187,102,193,119,194,136,191,148,184,156,174,161,164,164,155,65,160,69,152,77,146,87,139,103,133,118,134,133,132,147,136,155,142,161,147,164,155,73,159,80,166,86,169,95,172,105,174,119,174,131,172,140,169,147,166,151,162,156,155,73,159,80,154,87,151,96,149,106,148,118,148,129,147,138,147,145,148,150,150,156,155,118,82,64,160,69,169,76,178,86,188,101,194,119,196,135,193,148,185,156,174,161,164,164,155,64,160,68,152,76,146,85,139,102,133,117,134,132,131,147,135,155,141,161,147,164,155,72,159,79,166,85,170,94,173,105,175,118,176,130,174,140,170,147,166,151,163,156,155,72,159,78,153,86,151,95,149,105,148,117,147,128,147,137,147,144,148,150,150,156,155,118,82,64,160,69,170,76,179,86,189,101,195,119,196,135,193,148,186,156,175,161,165,164,155,64,160,68,152,76,146,85,139,102,133,117,134,132,131,147,135,155,141,161,147,164,155,72,159,79,167,85,170,94,174,105,176,118,176,130,174,140,171,147,167,151,163,156,155,72,159,78,154,86,151,95,149,105,148,117,147,128,147,137,147,144,148,150,150,156,155,117,82,63,161,67,170,74,179,85,189,100,195,118,196,135,193,147,185,156,175,160,165,163,155,63,161,67,152,74,146,84,139,100,133,117,134,132,131,147,135,155,141,160,147,163,155,71,160,78,167,84,170,93,173,104,175,117,176,130,174,139,171,146,167,150,163,155,155,71,160,77,154,85,151,93,149,104,148,116,147,127,147,137,147,144,148,150,150,155,155,118,79,63,161,67,171,74,180,85,190,100,197,118,199,136,195,149,187,157,176,162,166,165,155,63,161,67,152,74,145,84,138,101,132,117,132,132,130,147,134,156,141,161,147,165,155,71,160,78,168,84,172,93,175,104,177,118,178,131,176,140,172,147,168,151,164,156,155,71,160,78,154,85,151,94,148,104,147,117,146,128,146,137,146,144,147,150,150,156,155,118,79,62,160,67,169,74,179,85,189,100,195,118,197,135,193,148,186,156,175,161,165,164,155,62,160,67,152,74,145,84,138,101,132,117,133,132,130,147,135,155,141,161,147,164,155,70,159,78,166,83,170,92,173,104,175,117,176,130,174,139,171,146,167,151,163,156,155,70,159,77,153,85,151,93,149,104,148,116,147,127,146,137,147,144,148,150,150,156,155,118,79,63,160,67,170,74,179,85,189,100,196,118,197,135,194,148,186,157,175,161,165,164,155,63,160,67,152,74,145,84,138,101,132,117,133,132,130,147,135,155,141,161,147,164,155,71,159,78,167,84,170,93,174,104,176,118,177,130,174,140,171,147,167,151,163,156,155,71,159,77,153,85,151,94,149,104,147,117,147,128,146,137,146,144,148,150,150,156,155,118,80,62,161,67,170,74,180,85,190,100,196,118,198,136,195,148,187,157,176,161,165,164,155,62,161,66,152,74,146,84,139,101,133,117,133,132,131,147,135,155,141,161,147,164,155,70,160,77,167,83,171,93,175,104,177,118,178,130,175,140,172,147,168,151,164,156,155,70,160,77,154,85,151,94,149,104,148,117,147,128,147,137,147,144,148,150,150,156,155,117,81,62,161,67,171,74,182,85,192,100,199,118,200,136,197,148,189,157,177,161,166,164,156,62,161,67,153,74,146,84,139,101,133,117,134,132,131,147,135,155,142,161,148,164,156,70,160,78,169,83,173,93,177,104,179,118,180,130,178,140,174,147,169,151,165,156,156,70,160,77,154,85,151,94,149,104,148,116,147,128,147,137,147,144,148,150,150,156,156,117,82,62,161,67,171,74,181,85,191,100,198,118,200,135,196,148,188,157,177,161,166,165,156,62,161,66,153,74,146,84,139,100,133,116,134,132,131,147,136,155,142,161,148,165,156,70,160,77,169,83,173,92,177,103,179,117,180,130,178,140,174,147,169,151,165,156,156,70,160,76,154,84,151,93,149,104,148,116,147,127,147,137,147,144,148,150,150,156,156,117,81,62,161,67,170,74,180,85,191,100,197,118,199,135,195,148,187,156,176,161,166,164,155,62,161,66,152,74,146,84,139,100,133,117,134,132,131,147,135,155,141,161,147,164,155,70,160,77,168,83,172,92,176,104,178,117,179,130,177,139,173,147,168,151,164,156,155,70,160,77,154,84,151,93,149,104,148,116,147,127,147,137,147,144,148,150,150,156,155,116,81,62,161,67,170,74,180,85,190,100,196,118,198,135,194,148,186,156,176,161,165,164,155,62,161,66,153,74,146,84,139,100,133,116,134,131,131,146,135,155,142,161,147,164,155,70,160,77,168,83,171,92,175,103,177,117,178,130,175,139,172,147,168,151,164,156,155,70,160,76,154,84,151,93,149,104,148,116,147,127,147,137,147,144,148,150,150,156,155,116,81,62,161,67,170,74,180,85,190,100,196,118,197,135,194,148,186,156,175,161,165,164,155,62,161,66,153,74,146,84,139,100,133,116,134,131,131,146,135,155,142,161,147,164,155,70,160,77,167,83,171,92,174,103,177,117,177,130,175,139,172,147,168,151,163,156,155,70,160,76,154,84,151,93,149,104,148,116,148,127,147,137,147,144,148,150,150,156,155,117,81,63,161,68,171,75,182,85,192,100,199,119,201,136,198,149,189,157,178,162,167,165,156,63,161,67,152,75,146,84,138,101,132,117,133,132,131,147,135,155,142,161,148,165,156,71,160,78,169,84,173,93,177,104,180,118,181,131,179,140,175,147,170,151,166,156,156,71,160,78,154,85,151,94,148,104,147,117,147,128,146,137,146,144,148,150,150,156,156,117,81,62,161,67,172,74,182,84,193,99,200,118,202,135,199,148,190,157,178,161,167,165,156,62,161,66,152,74,146,84,139,100,133,116,134,132,131,147,136,155,142,161,148,165,156,70,160,77,169,83,174,92,178,103,181,117,182,130,180,140,176,147,171,151,166,156,156,70,160,77,154,84,151,93,149,104,148,116,147,127,146,137,147,144,148,150,150,156,156,118,82,66,161,70,172,77,183,87,194,101,202,119,204,137,200,150,192,158,179,162,168,165,156,66,161,70,151,77,145,86,137,102,132,118,132,133,130,148,134,156,141,161,147,165,156,74,160,81,170,86,175,95,180,105,183,119,184,131,182,141,177,147,172,151,167,156,156,74,160,80,153,87,150,96,147,106,146,117,145,129,145,138,145,145,147,150,150,156,156,118,82,64,161,69,173,75,184,86,196,100,203,119,205,136,201,149,192,157,180,161,168,164,156,64,161,68,152,75,145,85,138,101,132,117,132,133,130,148,134,155,141,161,147,164,156,73,161,80,171,85,176,94,181,105,184,118,185,131,182,140,178,147,173,151,167,156,157,73,161,79,153,86,150,95,147,105,146,117,146,128,145,137,145,144,147,150,150,156,157,119,83,66,161,71,172,77,183,87,194,102,202,120,203,137,200,149,191,157,179,161,167,164,156,66,161,70,152,77,146,86,138,102,133,118,133,133,131,148,135,155,142,161,148,164,156,75,160,81,170,87,175,95,179,106,182,119,183,131,181,140,177,147,172,151,166,156,156,75,160,81,153,88,150,96,148,106,147,118,146,129,146,138,146,144,148,150,150,156,156,119,82,66,160,71,171,77,182,87,193,102,200,120,202,137,199,150,190,157,178,162,167,165,156,66,160,70,151,77,145,87,137,102,132,118,132,133,130,148,135,156,141,161,147,165,156,75,159,81,169,87,173,95,178,106,181,119,182,132,180,141,176,147,171,151,166,156,156,75,159,81,152,88,149,96,147,106,146,118,146,129,145,138,146,145,147,150,150,156,156,119,80,68,159,72,169,78,179,88,190,103,197,120,199,137,196,149,187,157,176,161,166,164,156,68,159,72,151,79,145,88,138,103,132,119,133,133,131,147,135,155,141,160,147,164,156,76,158,83,167,88,171,96,175,107,178,119,178,131,176,140,173,147,168,151,164,155,155,76,158,82,152,89,150,97,148,107,147,118,146,129,146,137,146,144,148,150,150,155,155,119,80,68,160,72,170,78,180,88,191,103,198,120,200,137,196,149,188,157,176,161,166,164,156,68,160,72,151,79,145,88,138,103,132,119,133,133,131,148,135,155,142,161,148,164,156,76,159,83,167,88,171,96,176,106,178,119,179,132,177,141,173,147,169,151,164,156,156,76,159,82,153,89,150,97,148,107,147,119,147,129,146,138,147,144,148,150,150,156,156,120,79,70,160,74,169,80,179,90,189,104,196,121,198,137,195,150,187,158,176,162,166,164,156,70,160,74,151,80,145,89,138,104,132,120,133,134,131,148,135,156,142,161,148,164,156,78,158,84,166,89,170,97,174,108,177,120,177,132,176,141,172,148,168,152,164,156,156,78,158,84,153,91,150,99,148,108,147,119,147,130,146,138,147,145,148,150,150,156,156,120,80,69,159,73,169,79,178,89,189,103,195,121,197,137,194,149,186,157,175,161,165,164,156,69,159,73,151,80,145,89,139,104,133,119,134,134,132,148,136,156,142,161,148,164,156,77,158,83,166,89,170,97,173,107,176,120,177,132,175,141,171,148,167,151,163,156,155,77,158,83,153,90,151,98,149,108,148,119,148,130,147,138,147,145,149,150,150,156,155,120,79,68,159,73,168,79,177,89,187,103,194,120,195,137,192,149,185,157,174,161,164,164,155,68,159,72,151,80,145,89,138,104,133,119,134,134,131,148,136,155,142,161,147,164,155,76,157,83,165,88,168,96,172,107,174,120,175,132,173,141,170,147,166,151,162,156,155,76,157,83,152,90,150,98,149,108,148,119,148,129,147,138,147,145,148,150,150,156,155,121,80,69,158,73,167,79,177,89,187,103,193,120,195,136,192,149,184,157,173,161,164,164,155,69,158,73,151,80,145,89,138,104,133,119,134,134,131,148,136,155,142,161,147,164,155,77,157,83,164,88,168,97,171,107,173,120,174,131,172,140,169,147,165,151,162,156,155,77,157,83,152,90,150,98,149,108,148,119,148,129,147,138,147,145,148,150,150,156,155,121,79,70,160,74,170,80,180,90,191,104,198,121,200,138,197,150,188,158,177,162,166,164,156,70,160,74,151,81,145,89,137,105,131,120,132,134,130,148,135,156,142,161,148,164,156,78,159,84,167,90,171,98,175,108,178,121,179,133,177,141,173,148,169,151,164,156,156,78,159,84,153,91,150,99,148,109,147,120,146,130,146,138,146,145,148,150,150,156,156,121,79,70,160,74,169,80,179,90,190,104,197,122,199,138,196,150,188,158,176,162,166,164,156,70,160,74,151,81,145,90,137,105,132,120,133,135,130,149,135,156,142,161,148,164,156,78,159,85,167,90,171,98,175,108,177,121,178,133,176,141,173,148,168,152,164,156,156,78,159,85,153,92,150,100,148,109,147,120,146,130,146,138,147,145,148,150,150,156,156,118,80,66,160,70,170,76,181,86,192,101,200,119,202,136,198,149,190,157,178,161,167,164,156,66,160,70,151,77,144,86,137,102,131,117,132,133,130,147,134,155,141,161,147,164,156,74,159,81,168,86,173,94,177,105,180,118,181,131,179,140,175,147,170,151,165,156,156,74,159,80,152,88,149,96,147,106,146,117,145,128,145,137,145,144,147,150,150,156,156,118,80,66,160,70,170,76,181,86,192,101,199,119,201,136,198,149,189,157,178,161,167,164,156,66,160,70,151,77,144,86,137,102,131,117,132,132,130,147,134,155,141,160,147,164,156,74,159,81,168,86,173,94,177,105,180,118,181,131,179,140,175,147,170,151,165,156,156,74,159,80,152,88,149,96,147,106,146,117,145,128,145,137,146,144,147,150,150,156,156,117,80,64,159,69,168,75,178,86,188,100,194,118,196,134,193,147,185,156,174,160,164,164,155,64,159,68,151,75,145,85,138,101,132,116,133,131,131,146,135,154,141,160,147,164,155,72,158,79,166,84,169,93,172,104,175,117,175,129,174,139,170,146,166,150,163,156,155,72,158,78,153,86,150,94,148,104,147,116,147,127,146,136,147,144,148,150,150,156,155,118,82,65,160,70,170,76,180,86,191,101,198,119,200,136,196,148,188,157,177,161,167,164,156,65,160,69,151,76,145,86,137,102,132,117,132,132,130,147,135,155,142,161,148,164,156,74,159,80,168,86,172,94,176,105,178,118,179,130,177,140,174,147,169,151,165,156,156,74,159,80,153,87,150,95,148,105,146,117,146,128,146,137,146,144,148,150,150,156,156,118,82,64,158,69,167,76,175,86,185,100,191,118,192,134,189,147,182,155,172,160,163,164,155,64,158,68,151,75,145,85,138,101,133,117,134,132,132,146,136,155,142,161,148,164,155,72,157,79,163,84,166,93,169,104,171,117,172,129,170,139,168,146,164,151,161,156,155,72,157,78,152,86,150,94,149,104,148,116,148,128,147,137,147,144,148,150,150,156,155,118,85,64,159,69,168,75,177,86,187,100,193,117,195,134,192,146,184,155,174,160,164,163,155,64,159,68,151,75,145,85,138,101,133,117,134,132,131,146,136,154,142,160,147,163,155,72,158,79,165,84,169,93,172,104,174,117,175,129,173,139,170,146,166,150,162,155,155,72,158,78,153,85,150,94,148,104,147,116,147,127,146,136,147,144,148,150,150,155,155,118,84,65,159,70,168,76,176,87,185,101,191,118,193,135,190,147,183,156,173,161,163,164,155,65,159,69,152,76,146,86,139,102,133,118,134,132,132,147,136,155,142,161,147,164,155,73,158,80,164,85,167,94,170,105,172,118,172,130,171,139,168,147,164,151,161,156,154,73,158,79,153,86,151,95,149,105,148,117,148,128,147,137,147,144,148,150,150,156,154,119,85,66,159,70,167,77,176,87,185,101,191,118,192,135,189,147,182,155,172,160,163,163,155,66,159,69,151,77,146,86,139,102,133,117,134,132,132,147,136,155,142,160,147,163,155,74,158,80,164,86,167,94,170,105,172,118,172,130,170,139,168,146,164,150,161,155,154,74,158,80,153,87,151,95,149,105,148,117,148,128,147,137,147,144,148,150,150,155,154,118,85,64,159,69,167,76,174,87,183,101,188,118,190,134,187,147,180,155,171,160,162,163,154,64,159,68,152,75,147,85,140,101,135,117,136,132,134,147,137,155,143,161,148,163,154,71,158,78,163,84,165,93,167,104,169,117,169,130,168,139,165,146,162,150,160,156,154,71,158,78,154,85,152,94,151,105,150,117,150,128,149,137,149,144,149,150,150,156,154,117,84,63,159,68,167,75,175,86,183,100,189,118,190,134,187,146,180,155,171,160,162,164,154,63,159,67,152,75,147,84,140,101,135,116,136,131,133,146,137,155,142,161,147,164,154,71,158,78,163,84,165,93,168,104,169,117,170,129,168,139,165,146,162,150,159,156,154,71,158,77,153,85,152,93,151,104,150,116,150,127,149,137,148,144,149,150,150,156,154,117,84,64,159,69,166,76,174,86,182,101,188,118,189,134,186,146,179,155,169,160,161,163,153,64,159,68,152,75,147,85,140,101,135,116,136,131,133,146,137,154,142,160,147,163,153,71,158,78,162,84,165,93,167,104,168,117,168,129,166,138,164,146,161,150,158,155,153,71,158,78,154,85,152,94,151,104,150,116,150,127,149,136,148,144,149,150,150,155,153,117,85,65,160,69,167,76,175,87,183,101,189,118,190,134,187,146,180,155,170,160,162,163,154,65,160,68,153,76,148,85,141,101,136,117,137,131,134,146,137,154,143,160,148,163,154,72,159,79,163,85,166,94,168,104,169,117,169,129,168,139,165,146,162,150,159,156,154,72,159,79,154,86,153,94,151,104,151,116,150,127,149,137,149,144,149,150,150,156,154,115,84,64,159,69,165,76,172,86,180,100,185,117,186,132,183,145,177,154,168,160,161,163,154,64,159,67,153,75,147,84,141,100,135,115,136,130,134,145,138,154,143,160,148,163,154,71,158,78,161,84,163,92,164,103,165,116,165,128,163,138,161,146,159,150,158,156,153,71,158,78,154,85,153,93,151,104,151,115,151,127,150,136,149,144,150,150,150,156,153
308,113,78,60,155,65,162,72,169,82,177,96,182,113,183,128,181,141,174,149,166,154,158,158,150,60,155,64,148,72,143,82,136,97,130,112,131,127,129,141,133,149,139,155,144,158,150,68,154,74,158,80,160,89,162,100,163,112,163,124,162,133,160,141,157,145,155,150,150,68,154,74,150,82,148,90,146,100,145,112,145,122,144,131,144,138,145,144,146,150,150,113,79,58,155,63,162,71,169,82,177,96,182,112,183,128,180,140,174,149,166,154,158,158,150,58,155,63,148,71,143,81,137,97,132,112,133,126,131,141,134,149,140,155,144,158,150,66,154,73,158,79,160,88,161,99,163,112,163,124,162,133,159,140,157,145,155,150,150,66,154,72,150,80,149,89,147,100,147,111,147,122,146,131,146,138,146,144,147,150,150,112,76,57,155,62,163,69,172,79,181,94,188,112,189,128,186,141,179,149,169,154,160,158,151,57,155,61,147,69,141,79,135,95,129,111,130,126,128,140,132,148,138,154,143,158,151,65,154,72,160,78,163,87,166,98,168,111,169,123,167,133,164,140,161,144,157,150,150,65,154,72,149,79,147,88,145,98,144,110,144,121,143,130,143,138,144,144,146,150,150,113,77,59,155,64,164,71,173,81,182,96,188,113,190,129,187,142,179,150,169,155,159,158,150,59,155,63,147,71,141,81,134,97,128,112,129,127,127,141,131,149,137,155,143,158,150,67,154,74,161,80,164,88,167,99,169,112,169,125,167,134,164,141,161,145,157,150,150,67,154,74,149,81,146,90,144,100,143,112,143,122,142,131,142,138,143,144,145,150,150,112,77,58,155,63,164,70,173,80,183,95,189,112,191,129,188,142,180,150,169,155,159,158,150,58,155,62,147,70,141,79,134,95,128,111,129,126,126,141,130,149,136,155,142,158,150,66,154,73,161,79,165,88,168,98,170,112,171,124,169,134,166,141,161,145,158,150,150,66,154,72,148,80,146,89,144,99,143,111,142,122,142,131,142,138,143,144,145,150,150,112,77,58,155,63,165,70,174,80,184,95,190,113,192,129,188,142,181,150,170,155,160,158,150,58,155,62,147,70,141,79,134,96,128,111,129,126,126,141,130,149,137,155,142,158,150,66,154,73,162,79,165,88,169,99,171,112,171,124,169,134,166,141,162,145,158,150,150,66,154,73,149,80,146,89,144,99,143,111,142,122,142,131,142,138,143,144,145,150,150,112,77,58,155,63,165,69,174,80,184,95,190,113,191,130,188,142,180,151,170,155,160,158,150,58,155,62,147,69,141,79,134,95,128,112,129,127,126,142,130,150,136,155,142,158,150,66,154,73,162,79,165,88,168,99,170,112,171,125,169,134,166,141,162,145,158,150,150,66,154,72,149,80,146,88,144,99,143,111,142,122,142,132,142,139,143,145,145,150,150,112,74,57,156,61,166,68,175,79,185,94,192,112,194,130,190,143,182,151,171,156,161,159,150,57,156,61,147,68,140,78,133,95,127,111,127,126,125,141,129,150,136,155,142,159,150,65,155,72,163,78,167,87,170,98,172,112,173,124,171,134,167,141,163,145,159,150,150,65,155,71,149,79,146,88,143,98,142,111,141,122,141,131,141,138,143,144,145,150,150,112,74,56,155,61,164,68,174,79,184,94,190,112,192,129,188,142,181,150,170,155,160,158,150,56,155,61,147,68,140,78,133,95,127,111,128,126,125,141,130,149,136,155,142,158,150,64,154,72,161,77,165,86,168,98,170,111,171,124,169,133,166,140,162,145,158,150,150,64,154,71,148,79,146,87,144,98,143,110,142,121,141,131,142,138,143,144,145,150,150,112,75,57,155,61,165,68,174,79,184,94,191,112,192,129,189,142,181,151,170,155,160,158,150,57,155,61,147,68,140,78,133,95,127,111,128,126,125,141,130,149,136,155,142,158,150,65,154,72,162,78,165,87,169,98,171,112,172,124,170,134,166,141,162,145,158,150,150,65,154,71,148,79,146,88,143,98,142,111,142,122,141,131,141,138,143,144,145,150,150,112,75,56,156,61,165,68,175,79,185,94,192,112,193,130,190,142,182,151,171,155,160,158,150,56,156,61,147,68,141,78,134,95,128,111,128,126,126,141,130,149,136,155,142,158,150,64,155,71,162,77,166,87,170,98,172,112,173,124,170,134,167,141,163,145,159,150,150,64,155,71,149,79,146,88,144,98,143,111,142,122,142,131,142,138,143,144,145,150,150,111,75,56,155,61,165,68,175,79,186,94,193,112,194,130,191,142,183,151,171,155,160,158,150,56,155,61,147,68,140,78,133,95,127,111,128,126,125,141,129,149,136,155,142,158,150,64,154,72,163,77,167,87,171,98,173,112,174,124,172,134,168,141,163,145,159,150,150,64,154,71,148,79,145,88,143,98,142,110,141,122,141,131,141,138,142,144,144,150,150,111,76,56,155,61,165,68,175,79,185,94,192,112,194,129,190,142,182,151,171,155,160,159,150,56,155,60,147,68,140,78,133,94,127,110,128,126,125,141,129,149,136,155,142,159,150,64,154,71,163,77,167,86,170,97,173,111,174,124,171,134,168,141,163,145,159,150,150,64,154,70,148,78,145,87,143,98,142,110,141,121,141,131,141,138,142,144,144,150,150,111,76,56,156,61,165,68,175,79,186,94,192,112,194,129,190,142,182,150,171,155,161,158,150,56,156,60,147,68,141,78,134,94,128,111,129,126,126,141,130,149,136,155,142,158,150,64,155,71,163,77,167,86,171,97,173,111,174,124,172,133,168,141,163,145,159,150,150,64,155,71,149,78,146,87,144,98,143,110,142,121,141,131,142,138,143,144,145,150,150,110,76,56,156,61,165,68,175,79,185,94,191,112,193,129,189,142,181,150,171,155,160,158,150,56,156,60,148,68,141,78,134,94,128,110,129,125,126,140,130,149,137,155,142,158,150,64,155,71,163,77,166,86,170,97,172,111,173,124,170,133,167,141,163,145,159,150,150,64,155,71,149,78,146,87,144,98,143,110,143,121,142,131,142,138,143,144,145,150,150,110,76,56,156,61,165,68,175,79,185,94,191,112,192,129,189,142,181,150,170,155,160,158,150,56,156,60,147,68,141,78,134,94,128,110,129,125,126,140,130,149,137,155,142,158,150,64,155,71,162,77,166,86,169,97,172,111,172,124,170,133,167,141,163,145,158,150,150,64,155,70,149,78,146,87,144,98,143,110,143,121,142,131,142,138,143,144,145,150,150,111,75,57,155,62,165,69,176,79,186,94,193,113,195,130,192,143,183,151,172,156,161,159,150,57,155,61,146,69,140,78,132,95,126,111,127,126,125,141,129,149,136,155,142,159,150,65,154,72,163,78,167,87,171,98,174,112,175,125,173,134,169,141,164,145,160,150,150,65,154,72,148,79,145,88,142,98,141,111,141,122,140,131,141,138,142,144,145,150,150,111,75,56,155,61,166,68,176,79,187,93,194,112,196,129,193,142,184,151,172,155,161,159,150,56,155,60,146,68,140,78,133,94,127,110,128,126,125,141,130,149,136,155,142,159,150,64,154,71,164,77,168,86,172,97,175,111,176,124,174,134,170,141,165,145,160,150,150,64,154,71,148,78,145,87,143,98,142,110,141,121,141,131,141,138,142,144,144,150,150,112,76,60,155,64,166,71,177,81,188,95,196,114,198,131,194,144,186,152,173,156,162,159,150,60,155,64,145,71,139,80,131,96,126,112,126,127,124,142,128,150,135,155,141,159,150,68,154,75,164,80,169,89,174,99,177,113,178,125,176,135,171,141,166,145,161,150,150,68,154,74,147,81,144,90,141,100,140,112,139,123,139,132,139,139,141,144,144,150,150,112,75,58,154,63,166,69,177,80,188,94,196,113,198,130,194,143,185,151,173,155,161,158,149,58,154,62,145,69,138,79,131,95,125,111,125,127,123,142,127,149,134,155,140,158,149,67,153,74,164,79,169,88,174,98,177,112,178,125,175,134,171,141,166,145,160,150,150,67,153,73,146,80,143,89,140,99,139,111,139,122,138,131,138,138,140,144,143,150,150,113,77,60,155,65,166,71,177,81,188,96,196,114,197,131,194,143,185,151,173,155,161,158,150,60,155,64,146,71,140,80,133,96,127,112,127,127,125,142,129,149,136,155,142,158,150,69,154,75,164,81,169,89,173,100,176,113,177,125,175,134,171,141,166,145,160,150,150,69,154,75,147,82,144,90,142,100,141,112,140,123,140,132,140,138,142,144,144,150,150,113,76,60,154,65,165,71,176,81,187,96,194,114,196,131,193,144,184,151,172,156,161,159,150,60,154,64,145,71,139,81,131,96,126,112,126,127,124,142,129,150,135,155,141,159,150,69,153,75,163,81,167,89,172,100,175,113,176,126,174,135,170,141,165,145,160,150,150,69,153,75,146,82,143,90,141,100,140,112,140,123,139,132,140,139,141,144,144,150,150,114,75,63,154,67,164,73,174,83,185,98,192,115,194,132,191,144,182,152,171,156,161,159,151,63,154,67,146,74,140,83,133,98,127,114,128,128,126,142,130,150,136,155,142,159,151,71,153,77,162,83,166,91,170,101,173,114,173,126,171,135,168,142,163,146,159,150,150,71,153,77,147,84,145,92,143,102,142,113,141,124,141,132,141,139,143,145,145,150,150,113,75,62,155,66,165,72,175,82,186,97,193,114,195,131,191,143,183,151,171,155,161,158,151,62,155,66,146,73,140,82,133,97,127,113,128,127,126,142,130,149,137,155,142,158,151,70,154,76,162,82,166,90,171,100,173,113,174,126,172,135,168,141,164,145,159,150,150,70,154,76,148,83,145,91,143,101,142,112,142,123,141,132,142,138,143,144,145,150,150,114,73,64,154,68,163,74,173,84,183,98,190,115,192,131,189,144,181,152,170,156,160,158,150,64,154,68,145,74,139,83,132,98,126,114,127,128,125,142,129,150,136,155,142,158,150,72,152,78,160,83,164,91,168,102,171,114,172,126,170,135,166,142,162,146,158,150,150,72,152,78,147,85,144,93,142,102,141,113,141,124,140,132,141,139,142,145,144,150,150,114,75,63,154,67,164,73,173,83,184,97,190,115,192,131,189,143,181,151,170,155,160,158,151,63,154,67,146,74,140,83,134,98,128,113,129,128,127,142,131,150,137,155,143,158,151,71,153,77,161,83,165,91,168,101,171,114,172,126,170,135,166,142,162,145,158,150,150,71,153,77,148,84,146,92,144,102,143,113,143,124,142,132,142,139,144,144,145,150,150,114,74,62,154,67,163,73,172,83,182,97,189,114,190,130,187,143,180,151,169,155,159,158,150,62,154,66,146,74,140,83,133,98,128,113,129,128,126,142,131,149,137,155,143,158,150,70,152,77,160,82,163,90,167,101,169,114,170,125,168,134,165,141,161,145,157,150,150,70,152,77,147,84,145,92,144,102,143,113,143,123,142,132,142,139,143,144,145,150,150,115,75,63,153,67,162,73,172,83,182,97,188,114,190,131,187,143,179,151,169,155,159,158,150,63,153,67,146,74,140,83,133,98,128,113,129,128,126,142,131,149,137,155,142,158,150,71,152,77,159,82,163,91,166,101,169,114,169,125,167,134,164,141,160,145,157,150,150,71,152,77,147,84,145,92,144,102,143,113,143,123,142,132,142,139,143,144,145,150,150,115,73,64,154,68,164,74,174,84,185,98,192,115,194,132,191,144,182,152,171,156,160,158,150,64,154,68,145,75,139,84,131,99,125,114,126,128,124,142,129,150,136,155,142,158,150,72,153,78,161,84,165,92,169,102,172,115,173,127,171,135,167,142,163,145,159,150,150,72,153,78,147,85,144,93,142,103,141,114,140,124,140,132,140,139,142,144,144,150,150,115,73,64,154,68,163,74,173,84,184,98,191,116,193,132,190,144,182,152,170,156,160,158,150,64,154,68,145,75,139,84,131,99,126,114,127,129,124,143,129,150,136,155,142,158,150,72,153,79,161,84,165,92,169,102,171,115,172,127,170,135,167,142,162,146,158,150,150,72,153,79,147,86,144,93,142,103,141,114,140,124,140,132,141,139,142,144,144,150,150,112,74,60,154,64,164,70,175,80,186,95,193,113,195,130,192,143,184,151,172,155,161,158,150,60,154,64,145,71,138,80,131,96,125,111,126,126,124,141,128,149,135,154,141,158,150,68,153,75,162,80,167,88,171,99,174,112,175,125,173,134,169,141,164,145,159,150,150,68,153,74,146,82,143,90,141,100,140,111,139,122,139,131,140,138,141,144,144,150,150,112,74,60,154,64,164,70,175,80,186,95,193,113,195,130,192,143,183,151,172,155,161,158,150,60,154,64,145,71,138,80,131,95,125,111,126,126,124,141,128,149,135,154,141,158,150,68,153,75,162,80,167,88,171,99,174,112,175,125,173,134,169,141,164,145,159,150,150,68,153,74,146,81,143,90,141,99,140,111,139,122,139,131,140,138,141,144,144,150,150,110,75,58,154,62,163,69,173,80,183,94,189,112,191,128,188,141,180,150,169,154,159,158,150,58,154,62,146,69,140,79,133,95,127,110,128,125,126,140,130,148,136,154,142,158,150,66,153,73,161,78,164,87,167,98,170,111,170,123,169,133,165,140,161,144,158,150,150,66,153,72,148,80,145,88,143,98,142,110,142,121,141,130,141,138,143,144,145,150,150,112,76,59,154,64,164,70,174,80,185,95,192,112,194,130,190,142,182,150,171,155,161,158,150,59,154,63,145,70,139,80,131,95,126,111,126,126,124,141,129,149,136,155,142,158,150,67,153,74,162,80,166,88,170,99,173,112,173,124,171,134,168,141,163,145,159,150,150,67,153,74,147,81,144,89,142,99,140,111,140,122,140,131,140,138,142,144,144,150,150,112,77,58,153,63,162,70,170,80,180,94,186,112,187,128,184,141,177,149,168,154,158,158,150,58,153,62,146,69,140,79,133,95,128,111,129,126,127,140,131,149,137,155,143,158,150,66,152,73,159,78,161,87,164,98,166,111,167,123,165,133,163,140,159,145,156,150,150,66,152,72,147,80,145,88,144,99,143,110,143,122,142,131,142,138,143,144,145,150,150,113,80,59,154,64,163,70,172,81,182,95,188,112,190,129,187,141,179,150,169,155,159,158,150,59,154,63,146,70,140,80,133,96,128,112,129,127,126,141,131,149,137,155,142,158,150,67,153,74,160,79,164,88,167,99,169,112,170,124,168,134,165,141,161,145,157,150,150,67,153,73,148,80,145,89,143,99,142,111,142,122,141,131,142,139,143,145,145,150,150,112,80,59,155,64,164,71,172,81,181,95,187,112,189,129,186,141,179,150,169,155,159,158,151,59,155,63,148,70,142,80,135,96,129,112,130,126,128,141,132,149,138,155,143,158,151,67,154,74,160,79,163,88,166,99,168,112,168,124,167,133,164,140,160,145,157,150,150,67,154,73,149,81,147,89,145,99,144,111,144,122,143,131,143,138,144,144,146,150,150,114,81,61,155,65,163,72,172,82,181,96,187,113,188,130,185,142,178,150,168,155,159,158,151,61,155,64,147,72,142,81,135,97,129,112,130,127,128,142,132,150,138,155,143,158,151,69,154,75,160,81,163,89,166,100,168,113,168,125,166,134,164,141,160,145,157,150,150,69,154,75,149,82,147,90,145,100,144,112,144,123,143,132,143,139,144,145,146,150,150,112,81,58,155,63,163,70,170,81,179,95,184,112,186,128,183,141,176,149,167,154,158,157,150,58,155,62,148,69,143,79,136,95,131,111,132,126,130,141,133,149,139,154,144,157,150,66,154,72,159,78,161,87,163,98,165,111,165,123,164,133,161,140,158,144,156,150,150,66,154,72,150,79,148,88,147,99,146,111,146,122,145,131,145,138,145,144,146,150,150,111,80,57,155,62,163,69,171,80,179,94,185,112,186,128,183,140,176,149,167,154,158,158,150,57,155,61,148,69,143,78,136,95,131,110,132,125,129,140,133,149,138,155,143,158,150,65,154,72,159,78,162,87,164,98,165,111,166,123,164,133,161,140,158,145,155,150,150,65,154,71,150,79,148,87,147,98,146,110,146,121,145,131,144,138,145,144,146,150,150,112,81,59,156,64,163,71,171,81,179,96,185,113,186,129,183,141,176,150,166,155,158,158,150,59,156,63,149,70,144,80,137,96,132,111,133,126,130,141,134,149,139,155,144,158,150,66,155,73,159,79,162,88,164,99,165,112,165,124,163,133,161,141,158,145,155,150,150,66,155,73,151,80,149,89,148,99,147,111,147,122,146,131,145,139,146,145,147,150,150,111,81,59,156,64,163,70,171,81,179,95,185,112,186,128,183,140,176,149,166,154,158,157,150,59,156,62,149,70,144,79,137,95,132,111,133,125,130,140,133,148,139,154,144,157,150,67,155,73,159,79,162,88,164,98,165,111,165,123,164,133,161,140,158,144,155,150,150,67,155,73,150,80,149,88,147,99,147,110,146,121,145,131,145,138,145,144,146,150,150,109,81,58,156,63,162,70,169,80,177,94,182,111,183,126,180,139,174,148,165,154,158,157,151,58,156,61,150,69,144,78,138,94,132,109,133,124,131,139,135,148,140,154,145,157,151,65,155,72,158,78,160,86,161,97,162,110,162,122,160,132,158,140,156,144,155,150,150,65,155,72,151,79,150,87,148,98,148,109,148,121,147,130,146,138,147,144,147,150,150
